env,policy,seed,t,q,mu,sigma,rho,a,action_label,p0,p1,p2,r,state_delta,intervention_active,intervention_start,intervention_name
traffic,pg,19,0,22.0,18.465035646611625,1.0244182339980614,0.275,1,prioritize_ew,0.01307846755813903,0.9812359999052143,0.005685532536646592,-2.8134541730203155,17.499521837116053,0.0,0.0,none
traffic,pg,19,1,36.289455062979755,22.710375667047252,10.18901981750863,0.4536181882872469,1,prioritize_ew,0.008821597613749598,0.9882135992398192,0.0029648031464311357,-3.5119965048866195,8.852023162267136,0.0,0.0,none
traffic,pg,19,2,44.516761700743544,25.613943367295473,11.681821821737444,0.5564595212592943,1,prioritize_ew,0.008236403276244903,0.9888950201680111,0.0028685765557440322,-4.397588460518697,11.134876309878186,0.0,0.0,none
traffic,pg,19,3,55.004129405101985,29.286857519523465,12.384036577005237,0.6875516175637748,1,prioritize_ew,0.00770321962339229,0.9894588187652676,0.002837961611340236,-5.269543026955748,10.105834804498173,0.0,0.0,none
traffic,pg,19,4,64.4700214364567,32.766245882802494,11.747922375168606,0.8058752679557089,1,prioritize_ew,0.007439939034233169,0.9897171827792722,0.0028428781864945846,-6.319364953313393,13.618784026003382,0.0,0.0,none
traffic,pg,19,5,76.51383724828489,36.90276744965698,6.922541172054906,0.9564229656035611,1,prioritize_ew,0.006605372947603775,0.9906449298486257,0.002749697203770344,-7.539644350917021,13.446048177537014,0.0,0.0,none
traffic,pg,19,6,89.91040515951741,36.72419001930753,8.060254200821177,1.0,1,prioritize_ew,0.005790672496442785,0.9917601117179596,0.0024492157855976783,-8.42196992272508,9.502656118864213,0.0,0.0,none
traffic,pg,19,7,99.37571884515911,36.971791428883115,8.864619595258013,1.0,1,prioritize_ew,0.005674266633300205,0.9919078655394588,0.002417867827241025,-9.719466155246616,14.684115124040419,0.0,0.0,none
traffic,pg,19,8,113.91221197792223,37.78161651456404,10.777153963002885,1.0,1,prioritize_ew,0.005545446888988552,0.9920482350292954,0.002406318081715978,-11.30159624535913,19.190511642472007,0.0,0.0,none
traffic,pg,19,9,132.86230769075553,39.678457250859765,13.137578669584242,1.0,1,prioritize_ew,0.005496916763351008,0.9920961646125026,0.0024069186241464004,-12.334213347594462,10.291170740995788,0.0,0.0,none
traffic,pg,19,10,142.96685862215892,39.29060427477481,15.049597436214064,1.0,1,prioritize_ew,0.005485763008982223,0.9921067428820985,0.002407494108919261,-13.798167942322639,17.08120216414722,0.0,0.0,none
traffic,pg,19,11,159.94959354719077,40.00783767753468,16.734755614112128,1.0,1,prioritize_ew,0.005483280732954934,0.9921092672472906,0.002407452019754535,-14.910346192827332,12.504147685456651,0.0,0.0,none
traffic,pg,19,12,172.42436762315947,40.60972975560007,17.34422014926772,1.0,1,prioritize_ew,0.005482417822543617,0.9921106593760259,0.0024069228014306095,-15.96697907610072,12.564346209963007,0.0,0.0,none
traffic,pg,19,13,184.94124755904426,40.2058071162244,18.35780727224061,1.0,1,prioritize_ew,0.005479923352363347,0.992116378941283,0.0024036977063537955,-17.259590964389705,14.488793023966265,0.0,0.0,none
traffic,pg,19,14,199.3951158945087,39.30656164075064,18.807441576127232,1.0,1,prioritize_ew,0.0054604054863199615,0.9921682917468592,0.0023713027668208087,-18.307061596054048,9.730955856603707,0.0,0.0,none
traffic,pg,19,15,208.89951981267032,39.18653223810228,20.891524344662113,1.0,1,prioritize_ew,0.005429292432438277,0.9922666469650795,0.002304060602482319,-19.147424705135446,8.940282506988567,0.0,0.0,none
traffic,pg,19,16,217.65268959363732,37.540619209289304,21.667179159586645,1.0,1,prioritize_ew,0.005354833636941419,0.9926284579165107,0.002016708446548038,-19.92321874106571,7.084826333333033,0.0,0.0,none
traffic,pg,19,17,224.27263176597467,36.36965282856304,23.90323987960467,1.0,1,prioritize_ew,0.005358624714857144,0.9927047612182948,0.0019366140668480789,-20.207225675083837,3.5111955621867166,0.0,0.0,none
traffic,pg,19,18,226.08825643844727,34.2294017758806,26.013056638501077,1.0,1,prioritize_ew,0.005360511684544328,0.9927304908052204,0.0019089975102354415,-20.397215072885505,2.8570450076275056,0.0,0.0,none
traffic,pg,19,19,226.98841827108336,31.518660475314924,26.07860396554026,1.0,1,prioritize_ew,0.0053637680718680875,0.9927456788890562,0.001890553039075788,-20.537208336003147,2.930805973901213,0.0,0.0,none
traffic,pg,19,20,228.19120373336827,29.016181333101674,27.01696899640978,1.0,1,prioritize_ew,0.005364731028620301,0.9927482671809318,0.0018870017904480689,-20.992070429545237,5.561608261240924,0.0,0.0,none
traffic,pg,19,21,233.24522699494707,26.700177050102006,26.86057371498857,1.0,1,prioritize_ew,0.005364993972313336,0.9927491126485555,0.0018858933791312243,-21.395600594314267,4.84128268403529,0.0,0.0,none
traffic,pg,19,22,237.7288954923807,25.281034443839435,25.711326528804715,1.0,1,prioritize_ew,0.005364959044086872,0.9927492767546322,0.0018857642012808482,-21.68311115838434,3.2025089561941336,0.0,0.0,none
traffic,pg,19,23,240.9234573153815,25.190859537801437,25.9179829099073,1.0,1,prioritize_ew,0.005364942548363362,0.9927493012965423,0.0018857561550943,-22.309520727419393,7.259825600995228,0.0,0.0,none
traffic,pg,19,24,247.88356363799323,26.035998036616355,27.80152442859674,1.0,1,prioritize_ew,0.005364937442522561,0.9927493032514719,0.0018857593060054992,-22.487562811513694,2.396283782254294,0.0,0.0,none
traffic,pg,19,25,249.86180901681882,25.307374504396385,28.940747380676548,1.0,1,prioritize_ew,0.005364968041458393,0.9927492848266967,0.0018857471318448767,-22.777207267602957,3.282843104853659,0.0,0.0,none
traffic,pg,19,26,253.08008075114395,24.97102494319819,29.49451165165376,1.0,1,prioritize_ew,0.005364966798157703,0.9927492914525695,0.0018857417492727157,-23.337418934149348,6.257794136550952,0.0,0.0,none
traffic,pg,19,27,259.3046548238816,25.059438558447543,30.13235810738759,1.0,1,prioritize_ew,0.005364937541417202,0.9927493215513286,0.0018857409072541979,-23.53211087270583,2.3831404828186287,0.0,0.0,none
traffic,pg,19,28,261.4678985856203,24.069283959823007,30.271386374191213,1.0,1,prioritize_ew,0.005364936283651166,0.9927493254991677,0.001885738217181085,-23.98850567531494,5.084325250857917,0.0,0.0,none
traffic,pg,19,29,266.53895194794376,23.712048226522676,30.1867478260438,1.0,1,prioritize_ew,0.005364905735548731,0.9927493532968961,0.0018857409675553372,-24.56138341476476,6.577425002672637,0.0,0.0,none
traffic,pg,19,30,272.90426016405286,25.365825397003626,30.288689231337063,1.0,1,prioritize_ew,0.005364871358889139,0.9927493826721975,0.0018857459689132579,-25.373352890733315,9.145368094664637,0.0,0.0,none
traffic,pg,19,31,281.92614323037014,26.813367867391214,30.673402528522764,1.0,1,prioritize_ew,0.005364847172236461,0.9927494041205255,0.0018857487072379913,-25.936591024029326,6.4737968646786666,0.0,0.0,none
traffic,pg,19,32,288.18434471143695,27.947682865265385,31.88099913049475,1.0,1,prioritize_ew,0.005364840806330297,0.992749409576872,0.001885749616797712,-26.980511967220163,11.78535181006826,0.0,0.0,none
traffic,pg,19,33,299.78346630244624,30.03441078037489,31.902498255220834,1.0,1,prioritize_ew,0.0053648229832802,0.9927494251224028,0.0018857518943168903,-27.618562495332448,7.159809330440743,0.0,0.0,none
traffic,pg,19,34,306.872916614805,30.595157310940618,32.732032609736336,1.0,1,prioritize_ew,0.005364822980868184,0.9927494246760644,0.0018857523430673999,-28.76355756992207,12.841720654945167,0.0,0.0,none
traffic,pg,19,35,319.59508411024524,31.957219776607854,33.827947495678266,1.0,1,prioritize_ew,0.0053648166222266015,0.9927494314713965,0.0018857519063769596,-29.823680325242186,11.90899289239958,0.0,0.0,none
traffic,pg,19,36,331.37422583602427,33.433835090113746,34.77427678887123,1.0,1,prioritize_ew,0.005364815345192756,0.992749431848517,0.001885752806290104,-30.692106514319008,9.683134032690205,0.0,0.0,none
traffic,pg,19,37,341.0234057146556,33.843756275554696,35.47311653200692,1.0,1,prioritize_ew,0.005364814075395251,0.9927494335646534,0.0018857523599514969,-31.797632102436307,12.88894945563452,0.0,0.0,none
traffic,pg,19,38,353.70970525466447,35.011492838614984,37.42739731284793,1.0,1,prioritize_ew,0.005364810261180504,0.9927494378203824,0.001885751918437014,-32.89343551558588,13.428314019341459,0.0,0.0,none
traffic,pg,19,39,367.0358706758783,36.44804426025022,38.24547590411223,1.0,1,prioritize_ew,0.005364810261180504,0.9927494378203824,0.001885751918437014,-34.600517157415055,20.948323517657055,0.0,0.0,none
traffic,pg,19,40,387.5592993502607,38.86711224977941,41.676109039554966,1.0,1,prioritize_ew,0.005364810258768494,0.992749437374044,0.0018857523671875294,-35.7225683709099,14.07851617488207,0.0,0.0,none
traffic,pg,19,41,401.6078433681894,39.654383157476126,42.14858462689304,1.0,1,prioritize_ew,0.005364810258768494,0.992749437374044,0.0018857523671875294,-36.98791141741092,13.542737026181218,0.0,0.0,none
traffic,pg,19,42,415.0950286671977,40.81432459050842,42.54367289860993,1.0,1,prioritize_ew,0.005364810258768494,0.992749437374044,0.0018857523671875294,-38.302517824278674,16.44178946402656,0.0,0.0,none
traffic,pg,19,43,431.5066873396507,41.55939641699723,43.203042576140334,1.0,1,prioritize_ew,0.005364810258768494,0.992749437374044,0.0018857523671875294,-40.086713877946124,22.8194832179044,0.0,0.0,none
traffic,pg,19,44,454.17211450597443,43.427248766019225,45.078769982387506,1.0,1,prioritize_ew,0.005364810258768494,0.992749437374044,0.0018857523671875294,-41.39552906790095,16.2235518077915,0.0,0.0,none
traffic,pg,19,45,470.36374842983236,42.56088981591433,45.611729929701944,1.0,1,prioritize_ew,0.005364810258768494,0.992749437374044,0.0018857523671875294,-42.75322055414744,15.423642074343073,0.0,0.0,none
traffic,pg,19,46,485.734904105601,42.82541214748233,46.85524750691305,1.0,1,prioritize_ew,0.005364810258768494,0.992749437374044,0.0018857523671875294,-43.63647032813331,9.789953108259176,0.0,0.0,none
traffic,pg,19,47,495.2498254618001,42.030959358920484,49.01818491100167,1.0,1,prioritize_ew,0.005364810258768494,0.992749437374044,0.0018857523671875294,-44.84848810927784,15.20444321643277,0.0,0.0,none
traffic,pg,19,48,510.4336632165283,41.78539517537552,49.770423431405426,1.0,1,prioritize_ew,0.005364810258768494,0.992749437374044,0.0018857523671875294,-45.368446222484025,6.6887888191161045,0.0,0.0,none
traffic,pg,19,49,516.1823971498324,38.402056528771574,50.26537154303682,1.0,1,prioritize_ew,0.005364810258768494,0.992749437374044,0.0018857523671875294,-46.23207297616928,11.42787262199106,0.0,0.0,none
traffic,pg,19,50,527.5690163761777,37.44105358926908,50.132523475898836,1.0,1,prioritize_ew,0.005364810258768494,0.992749437374044,0.0018857523671875294,-46.54500169073131,4.350446327569365,0.0,0.0,none
traffic,pg,19,51,531.1339943254223,35.07981804396426,50.93369896856597,1.0,1,prioritize_ew,0.005364810258768494,0.992749437374044,0.0018857523671875294,-47.01135737061575,5.024793658060776,0.0,0.0,none
traffic,pg,19,52,535.978961194117,34.14582714646336,51.883703363673895,1.0,1,prioritize_ew,0.005364810258768494,0.992749437374044,0.0018857523671875294,-47.8482131012682,10.459222693673695,0.0,0.0,none
traffic,pg,19,53,546.3667223361333,33.18661182392101,51.12894262193188,1.0,1,prioritize_ew,0.005364810258768494,0.992749437374044,0.0018857523671875294,-48.63300607476728,9.323393914558856,0.0,0.0,none
traffic,pg,19,54,555.6391104284282,33.89134265571918,51.80113872919028,1.0,1,prioritize_ew,0.005364810258768494,0.992749437374044,0.0018857523671875294,-49.024138721311,3.7953550239910605,0.0,0.0,none
traffic,pg,19,55,559.0253438027564,32.29126548531571,52.41587146906491,1.0,1,prioritize_ew,0.005364810258768494,0.992749437374044,0.0018857523671875294,-49.308602604560626,2.5923381254628914,0.0,0.0,none
traffic,pg,19,56,561.4844316625624,32.07008746742801,53.205924719729985,1.0,1,prioritize_ew,0.005364810258768494,0.992749437374044,0.0018857523671875294,-49.40834816662463,2.6442478522917545,0.0,0.0,none
traffic,pg,19,57,560.3339406338182,30.870995887940246,55.2627661042636,1.0,1,prioritize_ew,0.005364810258768494,0.992749437374044,0.0018857523671875294,-49.81121090436785,2.8209830332382486,0.0,0.0,none
traffic,pg,19,58,562.6305738422498,29.252770301223286,55.5172599749992,1.0,1,prioritize_ew,0.005364810258768494,0.992749437374044,0.0018857523671875294,-50.25926415625186,5.452495073454547,0.0,0.0,none
traffic,pg,19,59,567.9496336028066,28.462104634875686,54.616064328243915,1.0,1,prioritize_ew,0.005364810258768494,0.992749437374044,0.0018857523671875294,-50.75521392743751,5.498971644145914,0.0,0.0,none
traffic,pg,19,60,573.3598221375898,28.866895666966705,55.51311136243943,1.0,1,prioritize_ew,0.005364810258768494,0.992749437374044,0.0018857523671875294,-50.95656988097844,1.1995444218690159,0.0,0.0,none
traffic,pg,19,61,573.8659846448305,28.47631059645362,56.528074238111834,1.0,1,prioritize_ew,0.005364810258768494,0.992749437374044,0.0018857523671875294,-51.24653462502186,1.1345213977323758,0.0,0.0,none
traffic,pg,19,62,574.6709876737917,28.86740940799471,57.22531927745385,1.0,1,prioritize_ew,0.005364810258768494,0.992749437374044,0.0018857523671875294,-51.647452227942,2.6055671792383666,0.0,0.0,none
traffic,pg,19,63,576.9875181628908,28.871388864128193,58.41806861513034,1.0,1,prioritize_ew,0.005364810258768494,0.992749437374044,0.0018857523671875294,-52.67481059186355,11.500340604464993,0.0,0.0,none
traffic,pg,19,64,588.012893698963,30.01265201923128,61.483431027323995,1.0,1,prioritize_ew,0.005364810258768494,0.992749437374044,0.0018857523671875294,-53.122077844829676,3.5740584194895035,0.0,0.0,none
traffic,pg,19,65,591.426728007268,29.613381173935636,62.463334947849035,1.0,1,prioritize_ew,0.005364810258768494,0.992749437374044,0.0018857523671875294,-54.009008936387765,8.804903550795311,0.0,0.0,none
traffic,pg,19,66,600.1000992931973,30.64724181252121,63.572428837115545,1.0,1,prioritize_ew,0.005364810258768494,0.992749437374044,0.0018857523671875294,-54.75478790521741,8.310199557366095,0.0,0.0,none
traffic,pg,19,67,608.3865322801935,30.922480533290447,64.13695401977711,1.0,1,prioritize_ew,0.005364810258768494,0.992749437374044,0.0018857523671875294,-55.76619708606344,11.28557494508705,0.0,0.0,none
traffic,pg,19,68,619.6244120673715,31.502661695001642,64.99581928843541,1.0,1,prioritize_ew,0.005364810258768494,0.992749437374044,0.0018857523671875294,-57.03011990507282,14.061436983695781,0.0,0.0,none
traffic,pg,19,69,633.6679989452535,30.926960998960123,65.40842849628748,1.0,1,prioritize_ew,0.005364810258768494,0.992749437374044,0.0018857523671875294,-58.117740102107824,12.139990993547471,0.0,0.0,none
traffic,pg,19,70,645.752667801198,31.373578453577004,66.47646071247402,1.0,1,prioritize_ew,0.005364810258768494,0.992749437374044,0.0018857523671875294,-59.717152592853495,18.134741716782113,0.0,0.0,none
traffic,pg,19,71,663.5239176983721,32.74844367630827,69.81731088060639,1.0,1,prioritize_ew,0.005364810258768494,0.992749437374044,0.0018857523671875294,-61.316734275667045,17.903401856175975,0.0,0.0,none
traffic,pg,19,72,681.2970475074115,34.52936137634611,71.0322129179947,1.0,1,prioritize_ew,0.005364810258768494,0.992749437374044,0.0018857523671875294,-62.67929289975636,15.248030500025118,0.0,0.0,none
traffic,pg,19,73,696.4365877750706,35.87955356583766,72.2461880680953,1.0,1,prioritize_ew,0.005364810258768494,0.992749437374044,0.0018857523671875294,-64.04306888858167,15.245035039283888,0.0,0.0,none
traffic,pg,19,74,711.5896543175741,36.67417586176566,73.71732474232732,1.0,1,prioritize_ew,0.005364810258768494,0.992749437374044,0.0018857523671875294,-65.47696769466728,16.019283941355237,0.0,0.0,none
traffic,pg,19,75,727.5218632740809,38.34209465166552,73.70240260231384,1.0,1,prioritize_ew,0.005364810258768494,0.992749437374044,0.0018857523671875294,-66.253181310493,8.874366985845668,0.0,0.0,none
traffic,pg,19,76,736.1464590054777,37.42716123765517,75.58219905868022,1.0,1,prioritize_ew,0.005364810258768494,0.992749437374044,0.0018857523671875294,-67.36353683899405,12.438962561265217,0.0,0.0,none
traffic,pg,19,77,748.4837426554894,36.95955625564157,77.09896117599034,1.0,1,prioritize_ew,0.005364810258768494,0.992749437374044,0.0018857523671875294,-68.5611856189875,14.138761479266911,0.0,0.0,none
traffic,pg,19,78,762.5480750731317,37.378743290147476,78.48583249077068,1.0,1,prioritize_ew,0.005364810258768494,0.992749437374044,0.0018857523671875294,-69.17404483782693,6.570902651083431,0.0,0.0,none
traffic,pg,19,79,768.6004981980769,35.86080803550653,80.54515483789405,1.0,1,prioritize_ew,0.005364810258768494,0.992749437374044,0.0018857523671875294,-69.83387500264517,7.815131172288795,0.0,0.0,none
traffic,pg,19,80,776.3142771817162,34.60626072605662,80.54543767583021,1.0,1,prioritize_ew,0.005364810258768494,0.992749437374044,0.0018857523671875294,-70.43108258583342,6.417440823311048,0.0,0.0,none
traffic,pg,19,81,782.567584287038,33.885122431790634,81.79429976900701,1.0,1,prioritize_ew,0.005364810258768494,0.992749437374044,0.0018857523671875294,-71.07005047770082,7.806118647689058,0.0,0.0,none
traffic,pg,19,82,790.3588399855882,33.69382152691496,82.23614470266716,1.0,1,prioritize_ew,0.005364810258768494,0.992749437374044,0.0018857523671875294,-71.67279766104048,7.188458113407221,0.0,0.0,none
traffic,pg,19,83,797.2623686848033,32.26166078322952,80.8346679274151,1.0,1,prioritize_ew,0.005364810258768494,0.992749437374044,0.0018857523671875294,-72.51044737774198,10.955298356831165,0.0,0.0,none
traffic,pg,19,84,808.1029687157396,33.5237193369568,81.7871180643852,1.0,1,prioritize_ew,0.005364810258768494,0.992749437374044,0.0018857523671875294,-72.80443061109973,3.907081226149411,0.0,0.0,none
traffic,pg,19,85,811.8791414112504,32.73619807933112,82.40809612373631,1.0,1,prioritize_ew,0.005364810258768494,0.992749437374044,0.0018857523671875294,-73.5087830345971,8.055752098565785,0.0,0.0,none
traffic,pg,19,86,819.8896969687435,33.464422536341104,82.8506237207029,1.0,1,prioritize_ew,0.005364810258768494,0.992749437374044,0.0018857523671875294,-73.89613843020695,4.925462469259333,0.0,0.0,none
traffic,pg,19,87,824.7606546925679,32.880362941395916,83.28974304201556,1.0,1,prioritize_ew,0.005364810258768494,0.992749437374044,0.0018857523671875294,-74.58555111456579,10.048349012998276,0.0,0.0,none
traffic,pg,19,88,834.786696167831,33.504865496605525,83.53017345162226,1.0,1,prioritize_ew,0.005364810258768494,0.992749437374044,0.0018857523671875294,-74.72360128604238,2.545523890442981,0.0,0.0,none
traffic,pg,19,89,836.5528534197817,31.689976940808425,83.78816563800487,1.0,1,prioritize_ew,0.005364810258768494,0.992749437374044,0.0018857523671875294,-74.82747011382702,1.3945898087497455,0.0,0.0,none
traffic,pg,19,90,837.6908999655959,31.162351710869096,84.39754434698685,1.0,1,prioritize_ew,0.005364810258768494,0.992749437374044,0.0018857523671875294,-75.45158411119098,8.159020077320758,0.0,0.0,none
traffic,pg,19,91,845.84468679367,31.190997964985304,84.68831638239229,1.0,1,prioritize_ew,0.005364810258768494,0.992749437374044,0.0018857523671875294,-76.42288833257786,11.981970383178826,0.0,0.0,none
traffic,pg,19,92,857.6388913940904,32.57564734030452,86.28427948166053,1.0,1,prioritize_ew,0.005364810258768494,0.992749437374044,0.0018857523671875294,-76.9839079174648,5.686668198431516,0.0,0.0,none
traffic,pg,19,93,863.2347390488954,31.6896085762129,86.7737889624592,1.0,1,prioritize_ew,0.005364810258768494,0.992749437374044,0.0018857523671875294,-77.50926425427863,6.1128537487398225,0.0,0.0,none
traffic,pg,19,94,869.2871839445152,32.54686610494666,86.77491519451638,1.0,1,prioritize_ew,0.005364810258768494,0.992749437374044,0.0018857523671875294,-78.30784359703475,10.804128833740597,0.0,0.0,none
traffic,pg,19,95,879.8969655814467,34.44121312317014,86.01782679330864,1.0,1,prioritize_ew,0.005364810258768494,0.992749437374044,0.0018857523671875294,-79.03725432534146,7.408078738807464,0.0,0.0,none
traffic,pg,19,96,887.2168996302923,34.274442567324456,87.14493978792107,1.0,1,prioritize_ew,0.005364810258768494,0.992749437374044,0.0018857523671875294,-79.92087334289792,8.925448769371743,0.0,0.0,none
traffic,pg,19,97,896.0975279379718,33.69172730877626,87.82208048451018,1.0,1,prioritize_ew,0.005364810258768494,0.992749437374044,0.0018857523671875294,-80.78873465260358,10.135215004179932,0.0,0.0,none
traffic,pg,19,98,906.1715154666681,34.587355283554515,88.48178419332184,1.0,1,prioritize_ew,0.005364810258768494,0.992749437374044,0.0018857523671875294,-81.68754124932046,10.743176368488434,0.0,0.0,none
traffic,pg,19,99,916.8694492508816,35.51645306127331,88.80863056773765,1.0,1,prioritize_ew,0.005364810258768494,0.992749437374044,0.0018857523671875294,-82.59424823324173,8.259138130302798,0.0,0.0,none
traffic,pg,19,100,924.9405277001049,35.00871242373165,90.48590656377837,1.0,1,prioritize_ew,0.005364810258768494,0.992749437374044,0.0018857523671875294,-84.04538385500153,17.468231693926594,0.0,0.0,none
traffic,pg,19,101,941.9974611010734,36.95611229415623,93.71201493336169,1.0,1,prioritize_ew,0.005364810258768494,0.992749437374044,0.0018857523671875294,-85.49533429848917,16.550171449745648,0.0,0.0,none
traffic,pg,19,102,958.3666608649022,38.453826585386096,95.63927361078157,1.0,1,prioritize_ew,0.005364810258768494,0.992749437374044,0.0018857523671875294,-86.8458992432817,13.167182772641745,0.0,0.0,none
traffic,pg,19,103,971.3679596134709,39.039288829360586,97.63881530314487,1.0,1,prioritize_ew,0.005364810258768494,0.992749437374044,0.0018857523671875294,-88.02615718480509,12.632571039146239,0.0,0.0,none
traffic,pg,19,104,983.9252286457227,39.41115587896822,98.96492254169846,1.0,1,prioritize_ew,0.005364810258768494,0.992749437374044,0.0018857523671875294,-89.18473029413117,12.952445448077226,0.0,0.0,none
traffic,pg,19,105,996.8413694930077,40.38016835858059,98.95213532676193,1.0,1,prioritize_ew,0.005364810258768494,0.992749437374044,0.0018857523671875294,-89.92273652367793,6.638173301489708,0.0,0.0,none
traffic,pg,19,106,1001.5459692277998,37.909701625345285,102.93068785701499,1.0,1,prioritize_ew,0.005364810258768494,0.992749437374044,0.0018857523671875294,-90.5131376198448,5.236417922481967,0.0,0.0,none
traffic,pg,19,107,1005.9007113502244,35.50681009706447,104.56849309860748,1.0,1,prioritize_ew,0.005364810258768494,0.992749437374044,0.0018857523671875294,-91.20514233729897,7.742687587736915,0.0,0.0,none
traffic,pg,19,108,1013.3904704144329,33.74017776840036,105.42390554691524,1.0,1,prioritize_ew,0.005364810258768494,0.992749437374044,0.0018857523671875294,-92.54275112566702,14.962026571855016,0.0,0.0,none
traffic,pg,19,109,1028.2527902851891,33.92498237166886,107.13841260576086,1.0,1,prioritize_ew,0.005364810258768494,0.992749437374044,0.0018857523671875294,-93.78867012817435,13.908721706443675,0.0,0.0,none
traffic,pg,19,110,1042.0963347574927,32.71634907479606,107.72834608026432,1.0,1,prioritize_ew,0.005364810258768494,0.992749437374044,0.0018857523671875294,-94.36449980111482,6.876508376560297,0.0,0.0,none
traffic,pg,19,111,1048.494442234609,31.36798816691793,109.85731555545127,1.0,1,prioritize_ew,0.005364810258768494,0.992749437374044,0.0018857523671875294,-95.39138149867787,11.483485725420255,0.0,0.0,none
traffic,pg,19,112,1059.9042388741984,31.02948852064074,111.11127051421852,1.0,1,prioritize_ew,0.005364810258768494,0.992749437374044,0.0018857523671875294,-95.71466001454698,3.7567155058647077,0.0,0.0,none
traffic,pg,19,113,1063.4962223838552,30.21572713888626,111.8517826828716,1.0,1,prioritize_ew,0.005364810258768494,0.992749437374044,0.0018857523671875294,-96.58966404648255,9.93612606195957,0.0,0.0,none
traffic,pg,19,114,1073.2184894053617,28.593016891615218,110.59841261179064,1.0,1,prioritize_ew,0.005364810258768494,0.992749437374044,0.0018857523671875294,-96.75948692463504,3.336566736978894,0.0,0.0,none
traffic,pg,19,115,1075.1054102737226,25.98200675776595,111.46722404575922,1.0,1,prioritize_ew,0.005364810258768494,0.992749437374044,0.0018857523671875294,-97.41873955136916,7.516301311605193,0.0,0.0,none
traffic,pg,19,116,1082.4304394596572,27.354731275785582,112.44413767022702,1.0,1,prioritize_ew,0.005364810258768494,0.992749437374044,0.0018857523671875294,-97.68504156802405,3.0945438652388866,0.0,0.0,none
traffic,pg,19,117,1085.510916542706,27.438377914187583,112.72674325153014,1.0,1,prioritize_ew,0.005364810258768494,0.992749437374044,0.0018857523671875294,-97.87974120077094,2.294386879597952,0.0,0.0,none
traffic,pg,19,118,1087.5526800085659,26.691140093120318,113.45957934610887,1.0,1,prioritize_ew,0.005364810258768494,0.992749437374044,0.0018857523671875294,-98.57577831748617,7.774913614096611,0.0,0.0,none
traffic,pg,19,119,1095.2864257498463,25.926009990660827,113.6898714263055,1.0,1,prioritize_ew,0.005364810258768494,0.992749437374044,0.0018857523671875294,-98.8497065722583,3.2707429619411177,0.0,0.0,none
traffic,pg,19,120,1098.3300730250921,26.838842565141828,112.9148182165563,1.0,1,prioritize_ew,0.005364810258768494,0.992749437374044,0.0018857523671875294,-99.35283915559617,5.6037927023160545,0.0,0.0,none
traffic,pg,19,121,1103.9204350621796,26.66532969386796,113.26157206054896,1.0,1,prioritize_ew,0.005364810258768494,0.992749437374044,0.0018857523671875294,-99.62534810682811,3.0637628464247997,0.0,0.0,none
traffic,pg,19,122,1106.9704422076827,26.659235706358793,113.55150663046001,1.0,1,prioritize_ew,0.005364810258768494,0.992749437374044,0.0018857523671875294,-100.02444561874037,6.289037531896969,0.0,0.0,none
traffic,pg,19,123,1112.9440548607317,28.58133001874076,113.13497523518456,1.0,1,prioritize_ew,0.005364810258768494,0.992749437374044,0.0018857523671875294,-100.7011864303547,6.784278369807658,0.0,0.0,none
traffic,pg,19,124,1119.496320922009,29.583365171007898,114.58071657266302,1.0,1,prioritize_ew,0.005364810258768494,0.992749437374044,0.0018857523671875294,-101.37627940527132,7.216500778872458,0.0,0.0,none
traffic,pg,19,125,1126.4905630014828,31.305796273686678,114.14288975563228,1.0,1,prioritize_ew,0.005364810258768494,0.992749437374044,0.0018857523671875294,-102.17075198591701,8.872697722466295,0.0,0.0,none
traffic,pg,19,126,1135.2305776213,32.24307169041205,115.35054207018412,1.0,1,prioritize_ew,0.005364810258768494,0.992749437374044,0.0018857523671875294,-102.88070978135177,8.658328465882347,0.0,0.0,none
traffic,pg,19,127,1143.8155236736513,33.350059471781755,115.1507142612501,1.0,1,prioritize_ew,0.005364810258768494,0.992749437374044,0.0018857523671875294,-103.80037637182313,13.01203047913456,0.0,0.0,none
traffic,pg,19,128,1156.694115928814,34.73105539220442,116.39475967158201,1.0,1,prioritize_ew,0.005364810258768494,0.992749437374044,0.0018857523671875294,-105.03031996881234,13.940517465713574,0.0,0.0,none
traffic,pg,19,129,1170.449176823331,36.17161435885239,118.14436444512424,1.0,1,prioritize_ew,0.005364810258768494,0.992749437374044,0.0018857523671875294,-106.19317431882112,13.035155590286163,0.0,0.0,none
traffic,pg,19,130,1183.398810187862,37.36269261586379,119.04080717774684,1.0,1,prioritize_ew,0.005364810258768494,0.992749437374044,0.0018857523671875294,-107.20206514326684,12.084827685938743,0.0,0.0,none
traffic,pg,19,131,1195.4586331399698,38.04561110373396,119.41141870154048,1.0,1,prioritize_ew,0.005364810258768494,0.992749437374044,0.0018857523671875294,-108.53757909751043,14.687032112433211,0.0,0.0,none
traffic,pg,19,132,1210.08286610772,39.253468486813745,120.0293207315997,1.0,1,prioritize_ew,0.005364810258768494,0.992749437374044,0.0018857523671875294,-110.14165430225758,18.53215155333967,0.0,0.0,none
traffic,pg,19,133,1228.354859067231,40.332148627683424,122.92955583193647,1.0,1,prioritize_ew,0.005364810258768494,0.992749437374044,0.0018857523671875294,-111.30028677794286,14.167336167297469,0.0,0.0,none
traffic,pg,19,134,1242.4977757470774,40.40971978474924,123.75738708269296,1.0,1,prioritize_ew,0.005364810258768494,0.992749437374044,0.0018857523671875294,-112.95759763359356,19.527105134311427,0.0,0.0,none
traffic,pg,19,135,1261.8697494137282,41.69418784517326,125.85133383148843,1.0,1,prioritize_ew,0.005364810258768494,0.992749437374044,0.0018857523671875294,-114.55051975911036,20.676979845242048,0.0,0.0,none
traffic,pg,19,136,1282.4669568913778,43.401664750281626,126.4653877881756,1.0,1,prioritize_ew,0.005364810258768494,0.992749437374044,0.0018857523671875294,-115.83203698599569,14.789693651980718,0.0,0.0,none
traffic,pg,19,137,1297.2058513182337,43.42459704210273,127.68992994891374,1.0,1,prioritize_ew,0.005364810258768494,0.992749437374044,0.0018857523671875294,-116.87222646632146,12.65488824276927,0.0,0.0,none
traffic,pg,19,138,1309.729954328645,42.27501905228277,129.09403488335096,1.0,1,prioritize_ew,0.005364810258768494,0.992749437374044,0.0018857523671875294,-118.17423279090946,15.534611053294794,0.0,0.0,none
traffic,pg,19,139,1325.2335331601025,42.547151482605024,130.03697068938177,1.0,1,prioritize_ew,0.005364810258768494,0.992749437374044,0.0018857523671875294,-118.8308738289185,7.224502915904723,0.0,0.0,none
traffic,pg,19,140,1331.3003779172705,39.886125700708455,132.91894550926165,1.0,1,prioritize_ew,0.005364810258768494,0.992749437374044,0.0018857523671875294,-120.20509773430179,16.246322383830584,0.0,0.0,none
traffic,pg,19,141,1347.5223218036683,39.01107298245809,133.0796013096433,1.0,1,prioritize_ew,0.005364810258768494,0.992749437374044,0.0018857523671875294,-121.43819696855448,14.98864063036136,0.0,0.0,none
traffic,pg,19,142,1362.480658140058,39.05496136436484,134.03122928500758,1.0,1,prioritize_ew,0.005364810258768494,0.992749437374044,0.0018857523671875294,-121.98979300247399,5.57377742577029,0.0,0.0,none
traffic,pg,19,143,1367.2897077003477,37.51195067434056,136.3890153501915,1.0,1,prioritize_ew,0.005364810258768494,0.992749437374044,0.0018857523671875294,-123.09650752210342,13.269121294204345,0.0,0.0,none
traffic,pg,19,144,1380.537144185423,37.06072220506404,136.9984407867454,1.0,1,prioritize_ew,0.005364810258768494,0.992749437374044,0.0018857523671875294,-123.33997728911926,2.852579124194366,0.0,0.0,none
traffic,pg,19,145,1382.9921169543295,36.33834780741181,138.25879454396323,1.0,1,prioritize_ew,0.005364810258768494,0.992749437374044,0.0018857523671875294,-123.55338294478122,3.6664709849265047,0.0,0.0,none
traffic,pg,19,146,1382.7122533438173,33.037986308029794,139.83114940728638,1.0,1,prioritize_ew,0.005364810258768494,0.992749437374044,0.0018857523671875294,-123.97889917927789,4.6763594349813244,0.0,0.0,none
traffic,pg,19,147,1386.7786496995375,30.859598311895873,139.06473960722872,1.0,1,prioritize_ew,0.005364810258768494,0.992749437374044,0.0018857523671875294,-124.0867902966391,2.203712665852633,0.0,0.0,none
traffic,pg,19,148,1385.6887354729643,29.67980555452329,140.57355554762827,1.0,1,prioritize_ew,0.005364810258768494,0.992749437374044,0.0018857523671875294,-124.62479626528733,5.541035280981712,0.0,0.0,none
traffic,pg,19,149,1390.6564743361566,28.023866030146756,138.76178656019644,1.0,1,prioritize_ew,0.005364810258768494,0.992749437374044,0.0018857523671875294,-124.73484337348,0.7480821649551921,0.0,0.0,none
traffic,pg,19,150,1391.0700728884735,27.61559118682875,139.23282245623736,1.0,1,prioritize_ew,0.005364810258768494,0.992749437374044,0.0018857523671875294,-125.13114526376907,2.365172411395431,0.0,0.0,none
traffic,pg,19,151,1393.1272601314806,28.083001357532623,140.3021909218083,1.0,1,prioritize_ew,0.005364810258768494,0.992749437374044,0.0018857523671875294,-125.2591947216946,2.527982380206366,0.0,0.0,none
traffic,pg,19,152,1391.7688302410509,26.669598376097433,141.89832849717294,1.0,1,prioritize_ew,0.005364810258768494,0.992749437374044,0.0018857523671875294,-125.42208149037975,1.8201491335866729,0.0,0.0,none
traffic,pg,19,153,1393.5786832264416,26.84044954781165,141.98879902769167,1.0,1,prioritize_ew,0.005364810258768494,0.992749437374044,0.0018857523671875294,-126.2318115201264,9.178622333782391,0.0,0.0,none
traffic,pg,19,154,1402.5756835569598,27.343756699551534,143.7345867896697,1.0,1,prioritize_ew,0.005364810258768494,0.992749437374044,0.0018857523671875294,-126.52903439459391,3.323768957479695,0.0,0.0,none
traffic,pg,19,155,1405.8781599399322,27.24457911269035,144.0968762166197,1.0,1,prioritize_ew,0.005364810258768494,0.992749437374044,0.0018857523671875294,-127.0797491616978,6.1908003008854875,0.0,0.0,none
traffic,pg,19,156,1411.9972129077532,26.61023761640168,144.79028086653946,1.0,1,prioritize_ew,0.005364810258768494,0.992749437374044,0.0018857523671875294,-128.0767571464661,11.163623631479588,0.0,0.0,none
traffic,pg,19,157,1423.0750794051787,27.813197810240233,145.46870051733657,1.0,1,prioritize_ew,0.005364810258768494,0.992749437374044,0.0018857523671875294,-128.57807763070957,5.598296464771673,0.0,0.0,none
traffic,pg,19,158,1428.645307007884,27.808802326472556,146.02858304185224,1.0,1,prioritize_ew,0.005364810258768494,0.992749437374044,0.0018857523671875294,-129.2156269669936,7.230963076439022,0.0,0.0,none
traffic,pg,19,159,1435.729188522151,26.694494674972184,145.0991917558705,1.0,1,prioritize_ew,0.005364810258768494,0.992749437374044,0.0018857523671875294,-130.28866805295806,12.374588570578801,0.0,0.0,none
traffic,pg,19,160,1447.6518672550894,28.32034006545186,147.98654363752462,1.0,1,prioritize_ew,0.005364810258768494,0.992749437374044,0.0018857523671875294,-131.65001618253905,15.544166150197631,0.0,0.0,none
traffic,pg,19,161,1462.7779575837671,30.822708263886398,150.54791945397477,1.0,1,prioritize_ew,0.005364810258768494,0.992749437374044,0.0018857523671875294,-132.52205020832776,9.76508693731018,0.0,0.0,none
traffic,pg,19,162,1472.4672245369748,31.60931168164667,151.47327552915488,1.0,1,prioritize_ew,0.005364810258768494,0.992749437374044,0.0018857523671875294,-133.3635420337157,9.497339899948479,0.0,0.0,none
traffic,pg,19,163,1481.817133707952,33.260793105788316,151.24684060397092,1.0,1,prioritize_ew,0.005364810258768494,0.992749437374044,0.0018857523671875294,-134.34472800553849,10.996788661949644,0.0,0.0,none
traffic,pg,19,164,1492.7192000615387,34.62008347953312,150.77077361559301,1.0,1,prioritize_ew,0.005364810258768494,0.992749437374044,0.0018857523671875294,-135.6477944163519,15.623408155193685,0.0,0.0,none
traffic,pg,19,165,1508.0452375587333,36.075903464890246,153.4323605836613,1.0,1,prioritize_ew,0.005364810258768494,0.992749437374044,0.0018857523671875294,-136.54432186900516,9.223143842985632,0.0,0.0,none
traffic,pg,19,166,1517.1591318778349,35.46002804858225,154.70672715582188,1.0,1,prioritize_ew,0.005364810258768494,0.992749437374044,0.0018857523671875294,-137.67073282085187,12.610277079965172,0.0,0.0,none
traffic,pg,19,167,1529.6748091205764,36.526790987867436,155.81979859125855,1.0,1,prioritize_ew,0.005364810258768494,0.992749437374044,0.0018857523671875294,-139.01181293869524,16.83338498042479,0.0,0.0,none
traffic,pg,19,168,1546.3602316533813,38.263921227654876,157.2133205074733,1.0,1,prioritize_ew,0.005364810258768494,0.992749437374044,0.0018857523671875294,-140.7091026518118,20.98366512798246,0.0,0.0,none
traffic,pg,19,169,1567.1065051442392,40.67133827920367,159.24080209450335,1.0,1,prioritize_ew,0.005364810258768494,0.992749437374044,0.0018857523671875294,-142.1284840216821,17.397496663362837,0.0,0.0,none
traffic,pg,19,170,1584.4603569993924,41.07690115079528,160.40365836176295,1.0,1,prioritize_ew,0.005364810258768494,0.992749437374044,0.0018857523671875294,-143.17637744455058,11.340090177961322,0.0,0.0,none
traffic,pg,19,171,1595.7766907810612,41.67657917268974,160.82629444187455,1.0,1,prioritize_ew,0.005364810258768494,0.992749437374044,0.0018857523671875294,-143.88190936235037,7.969598706135095,0.0,0.0,none
traffic,pg,19,172,1603.422404728834,40.74951912165149,162.8752262190289,1.0,1,prioritize_ew,0.005364810258768494,0.992749437374044,0.0018857523671875294,-145.14201742535755,15.683439477105106,0.0,0.0,none
traffic,pg,19,173,1619.0865353337892,40.54526073608153,163.6259357066779,1.0,1,prioritize_ew,0.005364810258768494,0.992749437374044,0.0018857523671875294,-145.64714647254857,6.731501248783797,0.0,0.0,none
traffic,pg,19,174,1625.139580965615,37.60661516427514,163.82115313600858,1.0,1,prioritize_ew,0.005364810258768494,0.992749437374044,0.0018857523671875294,-146.19479217657235,7.735639640933819,0.0,0.0,none
traffic,pg,19,175,1632.5777115379658,35.62347090771473,163.0586093007309,1.0,1,prioritize_ew,0.005364810258768494,0.992749437374044,0.0018857523671875294,-146.8392864199242,8.438717295508651,0.0,0.0,none
traffic,pg,19,176,1640.9944050829852,35.04354286038485,163.24543227219385,1.0,1,prioritize_ew,0.005364810258768494,0.992749437374044,0.0018857523671875294,-147.39737983944843,7.198676194983043,0.0,0.0,none
traffic,pg,19,177,1648.1855867146387,34.95263639716098,163.5609979796598,1.0,1,prioritize_ew,0.005364810258768494,0.992749437374044,0.0018857523671875294,-148.10072943209835,10.420802826646053,0.0,0.0,none
traffic,pg,19,178,1658.3326947039689,33.84923187403597,161.46056243838416,1.0,1,prioritize_ew,0.005364810258768494,0.992749437374044,0.0018857523671875294,-148.4559762880771,6.132016990985828,0.0,0.0,none
traffic,pg,19,179,1664.4527156329882,33.86262693347464,161.07742176123452,1.0,1,prioritize_ew,0.005364810258768494,0.992749437374044,0.0018857523671875294,-149.1490807905212,9.917230511298325,0.0,0.0,none
traffic,pg,19,180,1674.3558590514476,34.355629502696324,161.26757936531882,1.0,1,prioritize_ew,0.005364810258768494,0.992749437374044,0.0018857523671875294,-149.29763748729349,2.7774046667485273,0.0,0.0,none
traffic,pg,19,181,1676.2945946221623,33.060037907835394,162.77646090110875,1.0,1,prioritize_ew,0.005364810258768494,0.992749437374044,0.0018857523671875294,-150.235330569844,13.025099122086683,0.0,0.0,none
traffic,pg,19,182,1689.2317418280431,34.209231022680854,163.75767672769595,1.0,1,prioritize_ew,0.005364810258768494,0.992749437374044,0.0018857523671875294,-150.47843190947012,3.335925288532159,0.0,0.0,none
traffic,pg,19,183,1692.1985119057176,32.77316344034972,164.27185834527998,1.0,1,prioritize_ew,0.005364810258768494,0.992749437374044,0.0018857523671875294,-150.7576387469347,3.120125169955076,0.0,0.0,none
traffic,pg,19,184,1695.190321513858,32.14752117617394,164.8986183488726,1.0,1,prioritize_ew,0.005364810258768494,0.992749437374044,0.0018857523671875294,-151.56982449216812,9.335050449020192,0.0,0.0,none
traffic,pg,19,185,1704.4977500590278,32.02837820151608,165.60625223295347,1.0,1,prioritize_ew,0.005364810258768494,0.992749437374044,0.0018857523671875294,-152.20223908581494,8.60513837771172,0.0,0.0,none
traffic,pg,19,186,1712.9975657068655,33.34059421694062,165.32406509433275,1.0,1,prioritize_ew,0.005364810258768494,0.992749437374044,0.0018857523671875294,-153.0455073214214,10.725552981479744,0.0,0.0,none
traffic,pg,19,187,1723.7132380412388,32.89629924263911,165.20383549445478,1.0,1,prioritize_ew,0.005364810258768494,0.992749437374044,0.0018857523671875294,-153.75535320014296,7.277951125433807,0.0,0.0,none
traffic,pg,19,188,1730.9312719893853,33.7465520167335,165.58544881674905,1.0,1,prioritize_ew,0.005364810258768494,0.992749437374044,0.0018857523671875294,-154.13560891573678,3.53378371443548,0.0,0.0,none
traffic,pg,19,189,1734.42856677112,33.84764905145236,166.08177123175017,1.0,1,prioritize_ew,0.005364810258768494,0.992749437374044,0.0018857523671875294,-154.94510463378768,8.510674745026673,0.0,0.0,none
traffic,pg,19,190,1742.877230159918,33.67589602017803,167.09279667884036,1.0,1,prioritize_ew,0.005364810258768494,0.992749437374044,0.0018857523671875294,-155.9496119357128,9.655013337544233,0.0,0.0,none
traffic,pg,19,191,1752.3605183971824,33.87259053806339,168.8949725924944,1.0,1,prioritize_ew,0.005364810258768494,0.992749437374044,0.0018857523671875294,-156.98116653372267,11.275060043610788,0.0,0.0,none
traffic,pg,19,192,1763.5534925076656,33.96805089328539,170.24966697487827,1.0,1,prioritize_ew,0.005364810258768494,0.992749437374044,0.0018857523671875294,-158.35204336513297,15.095121100037291,0.0,0.0,none
traffic,pg,19,193,1778.3136040483562,35.47646641179422,173.02932000262942,1.0,1,prioritize_ew,0.005364810258768494,0.992749437374044,0.0018857523671875294,-159.2715050061534,9.64635243789095,0.0,0.0,none
traffic,pg,19,194,1787.8808714477955,36.69046093533514,172.8154809032029,1.0,1,prioritize_ew,0.005364810258768494,0.992749437374044,0.0018857523671875294,-160.31427151181126,9.193107143385493,0.0,0.0,none
traffic,pg,19,195,1796.8593358355567,36.79642113512773,174.78757842197012,1.0,1,prioritize_ew,0.005364810258768494,0.992749437374044,0.0018857523671875294,-161.4809498075983,12.050966827924015,0.0,0.0,none
traffic,pg,19,196,1808.796582755756,37.287212871714715,176.3646202493222,1.0,1,prioritize_ew,0.005364810258768494,0.992749437374044,0.0018857523671875294,-162.61644047964558,9.866047984277486,0.0,0.0,none
traffic,pg,19,197,1818.3473554603713,36.95877259054114,178.81691928380846,1.0,1,prioritize_ew,0.005364810258768494,0.992749437374044,0.0018857523671875294,-163.68148725053035,10.267680857910605,0.0,0.0,none
traffic,pg,19,198,1828.5559496363533,36.048469117599375,179.43435165837394,1.0,1,prioritize_ew,0.005364810258768494,0.992749437374044,0.0018857523671875294,-164.53624787140805,8.380014694851043,0.0,0.0,none
traffic,pg,19,199,1836.7691386177205,35.77765343398498,181.0759459772529,1.0,1,prioritize_ew,0.005364810258768494,0.992749437374044,0.0018857523671875294,-165.72837832475003,11.529220776685074,0.0,0.0,none
traffic,pg,19,200,1848.1056443672915,36.24926170634695,183.12146663100614,1.0,1,prioritize_ew,0.005364810258768494,0.992749437374044,0.0018857523671875294,-167.55195748342453,18.72309341322829,1.0,1.0,traffic_wave_shift
traffic,pg,19,201,1866.6813165110375,35.87694675105631,185.43663680673777,1.0,1,prioritize_ew,0.005364810258768494,0.992749437374044,0.0018857523671875294,-169.0946582841595,17.93683064275832,1.0,0.0,traffic_wave_shift
traffic,pg,19,202,1884.5577541375965,35.84207973544507,186.90689378494346,1.0,1,prioritize_ew,0.005364810258768494,0.992749437374044,0.0018857523671875294,-170.4304892912382,12.955396194240809,1.0,0.0,traffic_wave_shift
traffic,pg,19,203,1896.827845367121,34.55437914615359,190.86024413132483,1.0,1,prioritize_ew,0.005364810258768494,0.992749437374044,0.0018857523671875294,-171.69202729410497,12.954343753882709,1.0,0.0,traffic_wave_shift
traffic,pg,19,204,1909.5317305807073,33.752518392597366,193.26510211168232,1.0,1,prioritize_ew,0.005364810258768494,0.992749437374044,0.0018857523671875294,-173.43118903800956,20.592101093184006,1.0,0.0,traffic_wave_shift
traffic,pg,19,205,1930.0549639728908,33.8898639211199,194.94219923697554,1.0,1,prioritize_ew,0.005364810258768494,0.992749437374044,0.0018857523671875294,-174.4882707837455,12.230054584882787,1.0,0.0,traffic_wave_shift
traffic,pg,19,206,1942.1564902069335,32.59503473917921,196.14665568931565,1.0,1,prioritize_ew,0.005364810258768494,0.992749437374044,0.0018857523671875294,-175.77601889323267,13.035802707516085,1.0,0.0,traffic_wave_shift
traffic,pg,19,207,1955.043187602116,31.597086692903844,197.84055125021007,1.0,1,prioritize_ew,0.005364810258768494,0.992749437374044,0.0018857523671875294,-176.67982821881404,8.879382924976674,1.0,0.0,traffic_wave_shift
traffic,pg,19,208,1963.6122982544407,30.85689057746394,200.0464282792553,1.0,1,prioritize_ew,0.005364810258768494,0.992749437374044,0.0018857523671875294,-177.69706816575282,12.065840000053793,1.0,0.0,traffic_wave_shift
traffic,pg,19,209,1975.6432495511044,30.722303794079473,200.95339696776776,1.0,1,prioritize_ew,0.005364810258768494,0.992749437374044,0.0018857523671875294,-178.81593676817144,12.47666711323145,1.0,0.0,traffic_wave_shift
traffic,pg,19,210,1987.960305557825,29.08106831698682,199.82925298658375,1.0,1,prioritize_ew,0.005364810258768494,0.992749437374044,0.0018857523671875294,-179.99506766060802,14.295136413068736,1.0,0.0,traffic_wave_shift
traffic,pg,19,211,2002.1936905779596,29.507440074205213,201.08618697908202,1.0,1,prioritize_ew,0.005364810258768494,0.992749437374044,0.0018857523671875294,-180.94363002799952,11.764623960670885,1.0,0.0,traffic_wave_shift
traffic,pg,19,212,2013.9418585696865,29.279734193514116,201.66504430697438,1.0,1,prioritize_ew,0.005364810258768494,0.992749437374044,0.0018857523671875294,-182.3368139138164,18.068264913600817,1.0,0.0,traffic_wave_shift
traffic,pg,19,213,2031.8744486629616,31.152430081704175,202.83867953351788,1.0,1,prioritize_ew,0.005364810258768494,0.992749437374044,0.0018857523671875294,-183.48844510244572,15.501692868875475,1.0,0.0,traffic_wave_shift
traffic,pg,19,214,2047.3584691267376,31.84304391512661,203.1044700739746,1.0,1,prioritize_ew,0.005364810258768494,0.992749437374044,0.0018857523671875294,-184.57545157603272,13.837918199979313,1.0,0.0,traffic_wave_shift
traffic,pg,19,215,2061.1874773656764,32.14543436157029,203.498260950688,1.0,1,prioritize_ew,0.005364810258768494,0.992749437374044,0.0018857523671875294,-185.58174059355298,13.212424034130402,1.0,0.0,traffic_wave_shift
traffic,pg,19,216,2074.389095388384,31.939080962084756,203.9910577797306,1.0,1,prioritize_ew,0.005364810258768494,0.992749437374044,0.0018857523671875294,-186.67864750905437,15.61708973385352,1.0,0.0,traffic_wave_shift
traffic,pg,19,217,2089.9809477643043,32.7078178389235,203.5475773890459,1.0,1,prioritize_ew,0.005364810258768494,0.992749437374044,0.0018857523671875294,-187.88930456223585,15.25449645498461,1.0,0.0,traffic_wave_shift
traffic,pg,19,218,2105.225918218776,32.17029391116283,203.58765187610868,1.0,1,prioritize_ew,0.005364810258768494,0.992749437374044,0.0018857523671875294,-189.6699476523895,23.122855679606122,1.0,0.0,traffic_wave_shift
traffic,pg,19,219,2128.0500449912347,33.63831517289937,206.98921114057993,1.0,1,prioritize_ew,0.005364810258768494,0.992749437374044,0.0018857523671875294,-191.32433888017306,22.18447831263614,1.0,0.0,traffic_wave_shift
traffic,pg,19,220,2150.150779078225,35.29266034250956,207.97499655321553,1.0,1,prioritize_ew,0.005364810258768494,0.992749437374044,0.0018857523671875294,-193.17164369195504,24.361575914817088,1.0,0.0,traffic_wave_shift
traffic,pg,19,221,2174.4031734145733,37.50281560523785,208.62535316483783,1.0,1,prioritize_ew,0.005364810258768494,0.992749437374044,0.0018857523671875294,-194.8347206928719,21.951299856600702,1.0,0.0,traffic_wave_shift
traffic,pg,19,222,2196.3179776700667,38.76740598115241,208.58374764898946,1.0,1,prioritize_ew,0.005364810258768494,0.992749437374044,0.0018857523671875294,-196.91606773344307,25.21804561632481,1.0,0.0,traffic_wave_shift
traffic,pg,19,223,2221.4569263349986,40.74620162324439,208.32403138881529,1.0,1,prioritize_ew,0.005364810258768494,0.992749437374044,0.0018857523671875294,-199.15944561216344,29.009273865395016,1.0,0.0,traffic_wave_shift
traffic,pg,19,224,2250.342282871577,41.95844757606834,210.7124634481581,1.0,1,prioritize_ew,0.005364810258768494,0.992749437374044,0.0018857523671875294,-201.24779385677604,26.298680915590847,1.0,0.0,traffic_wave_shift
traffic,pg,19,225,2276.608349415791,42.79151406751307,211.72259532856523,1.0,1,prioritize_ew,0.005364810258768494,0.992749437374044,0.0018857523671875294,-202.7703649514964,17.86026953018719,1.0,0.0,traffic_wave_shift
traffic,pg,19,226,2294.1488677385064,41.449138864786455,214.8076356000244,1.0,1,prioritize_ew,0.005364810258768494,0.992749437374044,0.0018857523671875294,-205.0877502293165,28.609257080608195,1.0,0.0,traffic_wave_shift
traffic,pg,19,227,2322.6705409846245,42.77051266291137,216.61255034361486,1.0,1,prioritize_ew,0.005364810258768494,0.992749437374044,0.0018857523671875294,-206.931621377624,23.17192875516511,1.0,0.0,traffic_wave_shift
traffic,pg,19,228,2345.8073189435995,42.37007852172004,217.82392989194145,1.0,1,prioritize_ew,0.005364810258768494,0.992749437374044,0.0018857523671875294,-208.77066640671043,23.104467383380534,1.0,0.0,traffic_wave_shift
traffic,pg,19,229,2368.8740052221965,41.20634447012378,218.44852596272284,1.0,1,prioritize_ew,0.005364810258768494,0.992749437374044,0.0018857523671875294,-211.00810015521785,26.19649416829281,1.0,0.0,traffic_wave_shift
traffic,pg,19,230,2394.9920365871026,41.17673743426226,220.47432648464232,1.0,1,prioritize_ew,0.005364810258768494,0.992749437374044,0.0018857523671875294,-212.8239769486823,22.018902957205587,1.0,0.0,traffic_wave_shift
traffic,pg,19,231,2416.9926205228394,42.06875055686659,220.57779877338623,1.0,1,prioritize_ew,0.005364810258768494,0.992749437374044,0.0018857523671875294,-214.73222795062188,20.75544941887248,1.0,0.0,traffic_wave_shift
traffic,pg,19,232,2437.6155409056364,40.48899998420234,222.30644668211613,1.0,1,prioritize_ew,0.005364810258768494,0.992749437374044,0.0018857523671875294,-216.46345300957958,20.25549784331739,1.0,0.0,traffic_wave_shift
traffic,pg,19,233,2457.771211438815,39.892778499043104,224.22442952333873,1.0,0,prioritize_ns,0.005364810258768494,0.992749437374044,0.0018857523671875294,-217.7291997744416,16.20257176873868,1.0,0.0,traffic_wave_shift
traffic,pg,19,234,2473.8080525550085,38.486809466562285,226.05918019163082,1.0,1,prioritize_ew,0.005364810258768494,0.992749437374044,0.0018857523671875294,-219.48024431565162,19.85379082365237,1.0,0.0,traffic_wave_shift
traffic,pg,19,235,2493.6135694691543,37.22430657641026,226.6253924179093,1.0,1,prioritize_ew,0.005364810258768494,0.992749437374044,0.0018857523671875294,-220.9346728959462,14.844882843147245,1.0,0.0,traffic_wave_shift
traffic,pg,19,236,2508.140349964472,35.729545888326435,229.29164175977166,1.0,1,prioritize_ew,0.005364810258768494,0.992749437374044,0.0018857523671875294,-222.18056772990465,13.933380339080655,1.0,0.0,traffic_wave_shift
traffic,pg,19,237,2521.914328831665,34.35975758520567,230.8854654150849,1.0,1,prioritize_ew,0.005364810258768494,0.992749437374044,0.0018857523671875294,-223.58181742361612,14.68143268803538,1.0,0.0,traffic_wave_shift
traffic,pg,19,238,2536.4847884950677,33.24271541125048,232.2991088468147,1.0,1,prioritize_ew,0.005364810258768494,0.992749437374044,0.0018857523671875294,-224.9596083093681,14.691754359016391,1.0,0.0,traffic_wave_shift
traffic,pg,19,239,2551.059596664611,32.95030882192053,234.12588506551455,1.0,1,prioritize_ew,0.005364810258768494,0.992749437374044,0.0018857523671875294,-226.40999791593788,16.861466354830895,1.0,0.0,traffic_wave_shift
traffic,pg,19,240,2567.9095529372885,32.359196693626814,234.32237347671588,1.0,1,prioritize_ew,0.005364810258768494,0.992749437374044,0.0018857523671875294,-226.87604068592026,6.354977283874263,1.0,0.0,traffic_wave_shift
traffic,pg,19,241,2570.9938854442557,30.07070709595676,239.38551920110294,1.0,1,prioritize_ew,0.005364810258768494,0.992749437374044,0.0018857523671875294,-227.58699345567686,7.225535440854142,1.0,0.0,traffic_wave_shift
traffic,pg,19,242,2577.9174970967747,28.70063365302196,240.9330536443732,1.0,1,prioritize_ew,0.005364810258768494,0.992749437374044,0.0018857523671875294,-228.5722407616759,10.264613437960382,1.0,0.0,traffic_wave_shift
traffic,pg,19,243,2588.085899136938,27.82022212837407,242.0242752202331,1.0,1,prioritize_ew,0.005364810258768494,0.992749437374044,0.0018857523671875294,-229.11072304608462,4.550873377215063,1.0,0.0,traffic_wave_shift
traffic,pg,19,244,2591.829250027876,25.653930672652915,243.44023917868378,1.0,1,prioritize_ew,0.005364810258768494,0.992749437374044,0.0018857523671875294,-230.04592932086138,11.21084081923337,1.0,0.0,traffic_wave_shift
traffic,pg,19,245,2602.9373357591962,24.50555656438152,242.45301065028917,1.0,1,prioritize_ew,0.005364810258768494,0.992749437374044,0.0018857523671875294,-230.51160517411665,3.331242372374797,1.0,0.0,traffic_wave_shift
traffic,pg,19,246,2606.026862558636,24.50659542287603,243.6988030968156,1.0,1,prioritize_ew,0.005364810258768494,0.992749437374044,0.0018857523671875294,-231.27596436272842,6.714459090469513,1.0,0.0,traffic_wave_shift
traffic,pg,19,247,2612.5618077056015,24.428862121765356,245.2390661709812,1.0,1,prioritize_ew,0.005364810258768494,0.992749437374044,0.0018857523671875294,-232.41253034525502,12.046467899509313,1.0,0.0,traffic_wave_shift
traffic,pg,19,248,2624.450385653766,24.77289730336552,247.15237299900198,1.0,1,prioritize_ew,0.005364810258768494,0.992749437374044,0.0018857523671875294,-233.11548314909425,7.289313922665241,1.0,0.0,traffic_wave_shift
traffic,pg,19,249,2631.6854257305117,25.47123514052713,247.70065834098205,1.0,1,prioritize_ew,0.005364810258768494,0.992749437374044,0.0018857523671875294,-234.41016519601166,14.59612483222639,1.0,0.0,traffic_wave_shift
traffic,pg,19,250,2646.093027502153,26.13113834859133,249.9439592712467,1.0,1,prioritize_ew,0.005364810258768494,0.992749437374044,0.0018857523671875294,-235.61551829445784,15.097198988712053,1.0,0.0,traffic_wave_shift
traffic,pg,19,251,2661.001052883314,28.494838064935607,250.2424893206136,1.0,1,prioritize_ew,0.005364810258768494,0.992749437374044,0.0018857523671875294,-236.48615406327093,8.262618353041704,1.0,0.0,traffic_wave_shift
traffic,pg,19,252,2669.1816215287986,28.82396276463942,251.3564173329115,1.0,1,prioritize_ew,0.005364810258768494,0.992749437374044,0.0018857523671875294,-237.91465488891413,17.810913998528523,1.0,0.0,traffic_wave_shift
traffic,pg,19,253,2686.8550475363727,29.98093237652133,253.23793053641666,1.0,1,prioritize_ew,0.005364810258768494,0.992749437374044,0.0018857523671875294,-239.57175323059673,19.858508433721155,1.0,0.0,traffic_wave_shift
traffic,pg,19,254,2706.518828804019,32.46668061470149,254.4696444507332,1.0,1,prioritize_ew,0.005364810258768494,0.992749437374044,0.0018857523671875294,-241.10612686037558,17.579840705130394,1.0,0.0,traffic_wave_shift
traffic,pg,19,255,2724.0096839739654,33.08333129436244,256.12509803842255,1.0,1,prioritize_ew,0.005364810258768494,0.992749437374044,0.0018857523671875294,-242.7233228109324,18.156032370405992,1.0,0.0,traffic_wave_shift
traffic,pg,19,256,2742.05936687048,33.71166279743318,257.98403813771137,1.0,1,prioritize_ew,0.005364810258768494,0.992749437374044,0.0018857523671875294,-244.5890446471658,21.67090885933802,1.0,0.0,traffic_wave_shift
traffic,pg,19,257,2763.55250342614,36.374176379468295,257.21958198136986,1.0,1,prioritize_ew,0.005364810258768494,0.992749437374044,0.0018857523671875294,-246.96840694182808,29.497745780135958,1.0,0.0,traffic_wave_shift
traffic,pg,19,258,2792.63071766278,38.655134025281576,261.62091077340426,1.0,1,prioritize_ew,0.005364810258768494,0.992749437374044,0.0018857523671875294,-248.9137000337284,25.056436097163644,1.0,0.0,traffic_wave_shift
traffic,pg,19,259,2817.6386001710584,39.723954273407955,262.75599914907815,1.0,1,prioritize_ew,0.005364810258768494,0.992749437374044,0.0018857523671875294,-250.8404900328484,24.99584937039193,1.0,0.0,traffic_wave_shift
traffic,pg,19,260,2842.5885874180285,41.215780688812714,263.0110992660014,1.0,1,prioritize_ew,0.005364810258768494,0.992749437374044,0.0018857523671875294,-252.97360745726763,27.11890889596674,1.0,0.0,traffic_wave_shift
traffic,pg,19,261,2869.647569454505,43.01764051680495,263.01456591351257,1.0,1,prioritize_ew,0.005364810258768494,0.992749437374044,0.0018857523671875294,-254.99173262967437,24.474653817553133,1.0,0.0,traffic_wave_shift
traffic,pg,19,262,2894.103849997873,43.610269314346496,263.75470953570726,1.0,1,prioritize_ew,0.005364810258768494,0.992749437374044,0.0018857523671875294,-256.91347314361315,23.98939259970603,1.0,0.0,traffic_wave_shift
traffic,pg,19,263,2918.06518141098,42.586892749639865,264.30083646316143,1.0,1,prioritize_ew,0.005364810258768494,0.992749437374044,0.0018857523671875294,-258.73256204233803,21.45038364970268,1.0,0.0,traffic_wave_shift
traffic,pg,19,264,2939.3636559169854,41.845011149185254,266.73877701358145,1.0,1,prioritize_ew,0.005364810258768494,0.992749437374044,0.0018857523671875294,-260.5920546778393,23.077162553162832,1.0,0.0,traffic_wave_shift
traffic,pg,19,265,2962.402880452464,41.462858606887025,268.00508019343596,1.0,1,prioritize_ew,0.005364810258768494,0.992749437374044,0.0018857523671875294,-262.503791627785,22.513567989599856,1.0,0.0,traffic_wave_shift
traffic,pg,19,266,2984.8789497962825,40.54627606835544,268.92536652076126,1.0,1,prioritize_ew,0.005364810258768494,0.992749437374044,0.0018857523671875294,-263.8256639091135,15.966669793329766,1.0,0.0,traffic_wave_shift
traffic,pg,19,267,3000.4571118249924,38.770652365423864,271.9424135144424,1.0,1,prioritize_ew,0.005364810258768494,0.992749437374044,0.0018857523671875294,-265.3229560948424,18.661906229886267,1.0,0.0,traffic_wave_shift
traffic,pg,19,268,3019.0726399127307,37.701491700350154,272.70775893969363,1.0,1,prioritize_ew,0.005364810258768494,0.992749437374044,0.0018857523671875294,-266.5611005291919,14.619135034654235,1.0,0.0,traffic_wave_shift
traffic,pg,19,269,3033.507666153602,36.32880204732334,274.5691696153076,1.0,1,prioritize_ew,0.005364810258768494,0.992749437374044,0.0018857523671875294,-268.08957209501733,17.445128338023867,1.0,0.0,traffic_wave_shift
traffic,pg,19,270,3050.8951274720844,35.1984494039241,275.4241517963829,1.0,1,prioritize_ew,0.005364810258768494,0.992749437374044,0.0018857523671875294,-269.4108639870444,15.556194857540335,1.0,0.0,traffic_wave_shift
traffic,pg,19,271,3066.388116241308,33.80183328900514,275.31478603382646,1.0,1,prioritize_ew,0.005364810258768494,0.992749437374044,0.0018857523671875294,-270.569921332661,14.167917127390366,1.0,0.0,traffic_wave_shift
traffic,pg,19,272,3080.5112277849785,33.510823191997176,276.4024023159251,1.0,1,prioritize_ew,0.005364810258768494,0.992749437374044,0.0018857523671875294,-271.54320584138156,10.999664602859054,1.0,0.0,traffic_wave_shift
traffic,pg,19,273,3091.2921763792815,31.943907293310144,277.92179145265993,1.0,1,prioritize_ew,0.005364810258768494,0.992749437374044,0.0018857523671875294,-272.2362751361521,7.861173006402714,1.0,0.0,traffic_wave_shift
traffic,pg,19,274,3098.6849228720243,30.535451343684407,280.19370522052105,1.0,1,prioritize_ew,0.005364810258768494,0.992749437374044,0.0018857523671875294,-273.1998030476009,10.041978721443863,1.0,0.0,traffic_wave_shift
traffic,pg,19,275,3108.5883258736358,29.038639680310137,280.91723854663115,1.0,1,prioritize_ew,0.005364810258768494,0.992749437374044,0.0018857523671875294,-274.20445751722144,11.031679775212886,1.0,0.0,traffic_wave_shift
traffic,pg,19,276,3119.575292486655,28.13743524906938,281.3323937951233,1.0,1,prioritize_ew,0.005364810258768494,0.992749437374044,0.0018857523671875294,-275.0102959861185,10.568852265339077,1.0,0.0,traffic_wave_shift
traffic,pg,19,277,3130.107669775085,27.41928839802133,280.8284771739851,1.0,1,prioritize_ew,0.005364810258768494,0.992749437374044,0.0018857523671875294,-275.9986574444193,9.946947435133792,1.0,0.0,traffic_wave_shift
traffic,pg,19,278,3139.9501415917293,27.231593042489493,282.25405855341904,1.0,1,prioritize_ew,0.005364810258768494,0.992749437374044,0.0018857523671875294,-276.89429677896874,10.759449373928016,1.0,0.0,traffic_wave_shift
traffic,pg,19,279,3150.688543690854,27.900724163765982,282.18524917782366,1.0,1,prioritize_ew,0.005364810258768494,0.992749437374044,0.0018857523671875294,-277.8622846826443,11.34788456204567,1.0,0.0,traffic_wave_shift
traffic,pg,19,280,3161.995550091254,28.18144484352368,283.1057306794268,1.0,1,prioritize_ew,0.005364810258768494,0.992749437374044,0.0018857523671875294,-278.984352381111,12.243043811068654,1.0,0.0,traffic_wave_shift
traffic,pg,19,281,3174.1259385211497,28.410129206898876,284.7469198097655,1.0,1,prioritize_ew,0.005364810258768494,0.992749437374044,0.0018857523671875294,-279.9654021645305,10.394554719077403,1.0,0.0,traffic_wave_shift
traffic,pg,19,282,3184.435815887878,28.365629222558606,286.0702550818372,1.0,1,prioritize_ew,0.005364810258768494,0.992749437374044,0.0018857523671875294,-281.2603570031395,12.285748475452731,1.0,0.0,traffic_wave_shift
traffic,pg,19,283,3196.5199933889794,28.81397035945008,288.2407987807609,1.0,1,prioritize_ew,0.005364810258768494,0.992749437374044,0.0018857523671875294,-282.5092655609997,13.022335991749527,1.0,0.0,traffic_wave_shift
traffic,pg,19,284,3209.3976513177577,29.241821525380725,290.12868233945863,1.0,1,prioritize_ew,0.005364810258768494,0.992749437374044,0.0018857523671875294,-283.41659543604004,8.63494458553597,1.0,0.0,traffic_wave_shift
traffic,pg,19,285,3217.6584225527313,28.632574492295436,292.5680971568659,1.0,1,prioritize_ew,0.005364810258768494,0.992749437374044,0.0018857523671875294,-284.6917347236403,13.807783271532461,1.0,0.0,traffic_wave_shift
traffic,pg,19,286,3231.336063376816,28.942024971133275,294.4339108565922,1.0,1,prioritize_ew,0.005364810258768494,0.992749437374044,0.0018857523671875294,-286.3729417731479,18.396043208290425,1.0,0.0,traffic_wave_shift
traffic,pg,19,287,3249.370308693687,30.48689856116173,297.7192977688201,1.0,1,prioritize_ew,0.005364810258768494,0.992749437374044,0.0018857523671875294,-287.99501517935414,18.188151831211986,1.0,0.0,traffic_wave_shift
traffic,pg,19,288,3267.3708896398966,31.670179250183345,300.04046115065404,1.0,1,prioritize_ew,0.005364810258768494,0.992749437374044,0.0018857523671875294,-289.9323570792121,21.485495483927895,1.0,0.0,traffic_wave_shift
traffic,pg,19,289,3288.5661543346278,33.33370060337394,303.142068382018,1.0,1,prioritize_ew,0.005364810258768494,0.992749437374044,0.0018857523671875294,-291.1583771663311,11.64560617886434,1.0,0.0,traffic_wave_shift
traffic,pg,19,290,3300.147283723512,33.99777223415607,304.1699760725803,1.0,1,prioritize_ew,0.005364810258768494,0.992749437374044,0.0018857523671875294,-292.9797632446855,18.558983333303708,1.0,0.0,traffic_wave_shift
traffic,pg,19,291,3318.525564124562,34.93790014954914,306.57639070204806,1.0,1,prioritize_ew,0.005364810258768494,0.992749437374044,0.0018857523671875294,-294.94408978640524,22.822212269119728,1.0,0.0,traffic_wave_shift
traffic,pg,19,292,3341.1871327612625,35.863364813515055,309.116114099709,1.0,1,prioritize_ew,0.005364810258768494,0.992749437374044,0.0018857523671875294,-296.51319446942813,16.888656739687896,1.0,0.0,traffic_wave_shift
traffic,pg,19,293,3357.951110689197,35.61604420986007,311.1494864270864,1.0,1,prioritize_ew,0.005364810258768494,0.992749437374044,0.0018857523671875294,-298.1599461604385,18.28121949966999,1.0,0.0,traffic_wave_shift
traffic,pg,19,294,3376.1559203472107,35.017953202516566,312.7083895214244,1.0,1,prioritize_ew,0.005364810258768494,0.992749437374044,0.0018857523671875294,-299.632228885816,15.325078861594884,1.0,0.0,traffic_wave_shift
traffic,pg,19,295,3391.435425923566,35.757628440010876,313.6290588427685,1.0,1,prioritize_ew,0.005364810258768494,0.992749437374044,0.0018857523671875294,-301.5672726465982,21.419693545497264,1.0,0.0,traffic_wave_shift
traffic,pg,19,296,3412.699168138325,36.33472080275268,316.1437164759573,1.0,1,prioritize_ew,0.005364810258768494,0.992749437374044,0.0018857523671875294,-303.4700184097145,21.405802681568158,1.0,0.0,traffic_wave_shift
traffic,pg,19,297,3434.035091817559,36.06959181125937,317.85147987116324,1.0,1,prioritize_ew,0.005364810258768494,0.992749437374044,0.0018857523671875294,-304.6530392562411,13.049638710543496,1.0,0.0,traffic_wave_shift
traffic,pg,19,298,3446.844751398016,35.278728141763864,320.21373018914363,1.0,1,prioritize_ew,0.005364810258768494,0.992749437374044,0.0018857523671875294,-306.2827255828235,20.825312534632477,1.0,0.0,traffic_wave_shift
traffic,pg,19,299,3467.6350645104817,35.79582883265428,321.3042024383244,1.0,1,prioritize_ew,0.005364810258768494,0.992749437374044,0.0018857523671875294,-307.5189605311318,13.679083399560223,1.0,0.0,traffic_wave_shift
traffic,pg,19,300,3481.193859389268,35.45168669314045,323.0812703253053,1.0,1,prioritize_ew,0.005364810258768494,0.992749437374044,0.0018857523671875294,-308.7614331712013,3495.235694820803,1.0,1.0,traffic_wave_shift|traffic_signal_latency
traffic,pg,19,301,1.0,1.0,1.0,0.997114018294575,1,prioritize_ew,0.0967039606642353,0.8501281624352957,0.05316787690046902,-309.32777810147917,0.002885981705424978,1.0,0.0,traffic_signal_latency
traffic,pg,19,302,1.0,1.0,1.0,1.0,1,prioritize_ew,0.09673979047582153,0.8500621388935381,0.05319807063064039,-309.63208696712536,0.0,1.0,0.0,traffic_signal_latency
traffic,pg,19,303,1.0,1.0,1.0,1.0,1,prioritize_ew,0.09673979047582153,0.8500621388935381,0.05319807063064039,-310.06636669762827,0.0,1.0,0.0,traffic_signal_latency
traffic,pg,19,304,1.0,1.0,1.0,1.0,1,prioritize_ew,0.09673979047582153,0.8500621388935381,0.05319807063064039,-310.65593968661256,0.0,1.0,0.0,traffic_signal_latency
traffic,pg,19,305,1.0,1.0,1.0,1.0,1,prioritize_ew,0.09673979047582153,0.8500621388935381,0.05319807063064039,-310.7477025812655,0.02827470366181417,1.0,0.0,traffic_signal_latency
traffic,pg,19,306,1.0,1.0,1.0,0.9717252963381858,1,prioritize_ew,0.09639197557678042,0.8507026205723105,0.0529054038509091,-311.3347913790141,0.019958948394157794,1.0,0.0,traffic_signal_latency
traffic,pg,19,307,1.0,1.0,1.0,0.9916842447323436,1,prioritize_ew,0.09663674008403611,0.850252003414342,0.05311125650162171,-312.1875155772979,0.008315755267656377,1.0,0.0,traffic_signal_latency
traffic,pg,19,308,1.0,1.0,1.0,1.0,1,prioritize_ew,0.09673979047582153,0.8500621388935381,0.05319807063064039,-312.94077911603597,0.0,1.0,0.0,traffic_signal_latency
traffic,pg,19,309,1.0,1.0,1.0,1.0,1,prioritize_ew,0.09673979047582153,0.8500621388935381,0.05319807063064039,-313.31095928675995,1.5999303154989875e-05,1.0,0.0,traffic_signal_latency
traffic,pg,19,310,1.0,1.0,1.0,0.999984000696845,1,prioritize_ew,0.09673959533947118,0.8500625015831362,0.05319790307739261,-313.8278678880596,1.5999303154989875e-05,1.0,0.0,traffic_signal_latency
traffic,pg,19,311,1.0,1.0,1.0,1.0,1,prioritize_ew,0.09673979047582153,0.8500621388935381,0.05319807063064039,-314.86794792222486,0.0,1.0,0.0,traffic_signal_latency
traffic,pg,19,312,1.0,1.0,1.0,1.0,1,prioritize_ew,0.09673979047582153,0.8500621388935381,0.05319807063064039,-315.81198639087785,0.0,1.0,0.0,traffic_signal_latency
traffic,pg,19,313,1.0,1.0,1.0,1.0,1,prioritize_ew,0.09673979047582153,0.8500621388935381,0.05319807063064039,-316.42699504567975,0.06171180509841212,1.0,0.0,traffic_signal_latency
traffic,pg,19,314,1.0,1.0,1.0,0.9382881949015879,1,prioritize_ns,0.09599022897268668,0.8514412217592762,0.05256854926803717,-317.03068037315427,0.05501079436564116,1.0,0.0,traffic_signal_latency
traffic,pg,19,315,1.0,1.0,1.0,0.993298989267229,1,prioritize_ew,0.09665670699501519,0.8502152173803874,0.05312807562459751,-317.90968820525245,0.006701010732770962,1.0,0.0,traffic_signal_latency
traffic,pg,19,316,1.0,1.0,1.0,1.0,1,prioritize_ew,0.09673979047582153,0.8500621388935381,0.05319807063064039,-319.1164217437317,0.0008603454937574639,1.0,0.0,traffic_signal_latency
traffic,pg,19,317,1.0,1.0,1.0,0.9991396545062425,0,prioritize_ns,0.09672910464174865,0.8500818333263434,0.053189062031908145,-319.87571128536786,0.037744830859042344,1.0,0.0,traffic_signal_latency
traffic,pg,19,318,1.0,1.0,1.0,0.9613948236472002,1,prioritize_ew,0.09626675273246667,0.8509329852234954,0.052800262044037934,-320.75509389075415,0.027973901769789644,1.0,0.0,traffic_signal_latency
traffic,pg,19,319,1.0,1.0,1.0,0.9893687254169898,0,prioritize_ns,0.09660816033234347,0.8503046352771791,0.053087204390477476,-321.57236609407164,0.010631274583010164,1.0,0.0,traffic_signal_latency
traffic,pg,19,320,1.0,1.0,1.0,1.0,1,prioritize_ew,0.09673979047582153,0.8500621388935381,0.05319807063064039,-322.46428697945953,0.0,1.0,0.0,traffic_signal_latency
traffic,pg,19,321,1.0,1.0,1.0,1.0,1,prioritize_ew,0.09673979047582153,0.8500621388935381,0.05319807063064039,-323.41204006059024,0.024172856844086543,1.0,0.0,traffic_signal_latency
traffic,pg,19,322,1.0,1.0,1.0,0.9758271431559135,1,prioritize_ew,0.09644200003907166,0.8506105741489143,0.05294742581201407,-324.66455833288,0.013816328293779101,1.0,0.0,traffic_signal_latency
traffic,pg,19,323,1.0,1.0,1.0,0.9896434714496926,1,prioritize_ew,0.09661155637197417,0.8502983889543193,0.05309005467370637,-325.5806559814634,0.010182067778683246,1.0,0.0,traffic_signal_latency
traffic,pg,19,324,1.0,1.0,1.0,0.9794614036710093,1,prioritize_ns,0.09648642778877782,0.8505287957944972,0.05298477641672503,-326.19972798571416,0.020538596328990688,1.0,0.0,traffic_signal_latency
traffic,pg,19,325,1.0,1.0,1.0,1.0,2,balanced,0.09673979047582153,0.8500621388935381,0.05319807063064039,-327.115280545033,0.0,1.0,0.0,traffic_signal_latency
traffic,pg,19,326,1.0,1.0,1.0,1.0,1,prioritize_ew,0.09673979047582153,0.8500621388935381,0.05319807063064039,-328.0773239235439,0.00744305353882635,1.0,0.0,traffic_signal_latency
traffic,pg,19,327,1.0,1.0,1.0,0.9925569464611737,1,balanced,0.09664752886442912,0.8502321348590117,0.053120336276559064,-328.6641171124236,0.00744305353882635,1.0,0.0,traffic_signal_latency
traffic,pg,19,328,1.0,1.0,1.0,1.0,1,balanced,0.09673979047582153,0.8500621388935381,0.05319807063064039,-329.17299249154735,0.0,1.0,0.0,traffic_signal_latency
traffic,pg,19,329,1.0,1.0,1.0,1.0,1,prioritize_ew,0.09673979047582153,0.8500621388935381,0.05319807063064039,-329.42607799020396,0.04656126612470546,1.0,0.0,traffic_signal_latency
traffic,pg,19,330,1.0,1.0,1.0,0.9534387338752945,1,prioritize_ew,0.09617096528559685,0.8511091020502269,0.0527199326641763,-329.78684754002165,0.0036994606492981585,1.0,0.0,traffic_signal_latency
traffic,pg,19,331,1.0,1.0,1.0,0.9497392732259964,1,prioritize_ew,0.09612663274694905,0.8511905945234106,0.052682772729640406,-330.1435017864548,0.05026072677400362,1.0,0.0,traffic_signal_latency
traffic,pg,19,332,1.0,1.0,1.0,1.0,1,prioritize_ew,0.09673979047582153,0.8500621388935381,0.05319807063064039,-330.4575063691104,0.0,1.0,0.0,traffic_signal_latency
traffic,pg,19,333,1.0,1.0,1.0,1.0,1,prioritize_ew,0.09673979047582153,0.8500621388935381,0.05319807063064039,-330.7476863591697,0.05865076179140705,1.0,0.0,traffic_signal_latency
traffic,pg,19,334,1.0,1.0,1.0,0.941349238208593,0,prioritize_ns,0.09602657533049007,0.8513744594249141,0.052598965244596015,-330.7665588940931,0.05865076179140705,1.0,0.0,traffic_signal_latency
traffic,pg,19,335,1.0,1.0,1.0,1.0,1,prioritize_ew,0.09673979047582153,0.8500621388935381,0.05319807063064039,-330.9753860058547,0.0,1.0,0.0,traffic_signal_latency
traffic,pg,19,336,1.0,1.0,1.0,1.0,1,prioritize_ns,0.09673979047582153,0.8500621388935381,0.05319807063064039,-331.07502031333826,0.0,1.0,0.0,traffic_signal_latency
traffic,pg,19,337,1.0,1.0,1.0,1.0,1,balanced,0.09673979047582153,0.8500621388935381,0.05319807063064039,-330.7828872377596,0.0,1.0,0.0,traffic_signal_latency
traffic,pg,19,338,1.0,1.0,1.0,1.0,1,prioritize_ew,0.09673979047582153,0.8500621388935381,0.05319807063064039,-331.2968333581284,0.00496196291523876,1.0,0.0,traffic_signal_latency
traffic,pg,19,339,1.0,1.0,1.0,0.9950380370847612,1,prioritize_ew,0.09667822139160334,0.8501755866373988,0.05314619197099781,-331.4305888829904,0.03799593051789418,1.0,0.0,traffic_signal_latency
traffic,pg,19,340,1.0,1.0,1.0,0.9570421065668671,1,prioritize_ns,0.09621427933199067,0.8510294859851064,0.05275623468290296,-330.9764189948906,0.031088181013330107,1.0,0.0,traffic_signal_latency
traffic,pg,19,341,1.0,1.0,1.0,0.9881302875801972,1,prioritize_ew,0.09659289592076767,0.8503327609896272,0.053074343089605104,-331.0834508425073,0.003180541891764199,1.0,0.0,traffic_signal_latency
traffic,pg,19,342,1.0,1.0,1.0,0.9913108294719614,1,prioritize_ns,0.09663212455276018,0.8502605009591484,0.05310737448809149,-331.250562751752,0.008689170528038637,1.0,0.0,traffic_signal_latency
traffic,pg,19,343,1.0,1.0,1.0,1.0,0,prioritize_ns,0.09673979047582153,0.8500621388935381,0.05319807063064039,-331.50486159296963,0.0,1.0,0.0,traffic_signal_latency
traffic,pg,19,344,1.0,1.0,1.0,1.0,1,prioritize_ew,0.09673979047582153,0.8500621388935381,0.05319807063064039,-332.4389764532781,0.0,1.0,0.0,traffic_signal_latency
traffic,pg,19,345,1.0,1.0,1.0,1.0,1,balanced,0.09673979047582153,0.8500621388935381,0.05319807063064039,-333.08569089930313,0.05534781091299157,1.0,0.0,traffic_signal_latency
traffic,pg,19,346,1.0,1.0,1.0,0.9446521890870084,1,prioritize_ew,0.0960658852567472,0.851302230860923,0.05263188388232964,-333.9298262471091,0.05534781091299157,1.0,0.0,traffic_signal_latency
traffic,pg,19,347,1.0,1.0,1.0,1.0,1,balanced,0.09673979047582153,0.8500621388935381,0.05319807063064039,-334.59302627511704,0.0,1.0,0.0,traffic_signal_latency
traffic,pg,19,348,1.0,1.0,1.0,1.0,1,prioritize_ew,0.09673979047582153,0.8500621388935381,0.05319807063064039,-335.414188963163,0.03998269537689714,1.0,0.0,traffic_signal_latency
traffic,pg,19,349,1.0,1.0,1.0,0.9600173046231029,1,prioritize_ns,0.09625011965891914,0.8509635678426503,0.0527863124984306,-336.65750379560706,0.03998269537689714,1.0,0.0,traffic_signal_latency
traffic,pg,19,350,1.0,1.0,1.0,1.0,1,prioritize_ew,0.09673979047582153,0.8500621388935381,0.05319807063064039,-337.9263553382899,0.027927785142005,1.0,0.0,traffic_signal_latency
traffic,pg,19,351,1.0,1.0,1.0,0.972072214857995,1,prioritize_ew,0.0963962122869766,0.850694831770587,0.05290895594243644,-338.921617102044,0.027927785142005,1.0,0.0,traffic_signal_latency
traffic,pg,19,352,1.0,1.0,1.0,1.0,1,prioritize_ns,0.09673979047582153,0.8500621388935381,0.05319807063064039,-340.0593462359306,0.0,1.0,0.0,traffic_signal_latency
traffic,pg,19,353,1.0,1.0,1.0,1.0,1,prioritize_ew,0.09673979047582153,0.8500621388935381,0.05319807063064039,-341.3924972853819,0.0062913682928851244,1.0,0.0,traffic_signal_latency
traffic,pg,19,354,1.0,1.0,1.0,0.9937086317071149,1,prioritize_ew,0.09666177099366786,0.8502058909796729,0.05313233802665924,-342.7007791075435,0.008072031282670866,1.0,0.0,traffic_signal_latency
traffic,pg,19,355,1.0,1.0,1.0,0.985636600424444,1,prioritize_ns,0.09656219870382417,0.8503892932424868,0.05304850805368908,-343.59118828608496,0.020971686370827247,1.0,0.0,traffic_signal_latency
traffic,pg,19,356,1.0,1.0,1.0,0.9646649140536168,1,prioritize_ew,0.09630628020498777,0.8508602752965005,0.05283344449851163,-345.26073027098124,0.03533508594638324,1.0,0.0,traffic_signal_latency
traffic,pg,19,357,1.0,1.0,1.0,1.0,0,prioritize_ns,0.09673979047582153,0.8500621388935381,0.05319807063064039,-345.9051803072479,0.03527271648724839,1.0,0.0,traffic_signal_latency
traffic,pg,19,358,1.0,1.0,1.0,0.9647272835127516,1,prioritize_ew,0.09630704684941882,0.850858883377633,0.052834069772948,-346.97981102926167,0.03527271648724839,1.0,0.0,traffic_signal_latency
traffic,pg,19,359,1.0,1.0,1.0,1.0,1,prioritize_ew,0.09673979047582153,0.8500621388935381,0.05319807063064039,-348.3132970286838,0.0,1.0,0.0,traffic_signal_latency
traffic,pg,19,360,1.0,1.0,1.0,1.0,1,prioritize_ew,0.09673979047582153,0.8500621388935381,0.05319807063064039,-349.30359674584224,0.0,1.0,0.0,traffic_signal_latency
traffic,pg,19,361,1.0,1.0,1.0,1.0,1,prioritize_ew,0.09673979047582153,0.8500621388935381,0.05319807063064039,-350.09847071379073,0.0,1.0,0.0,traffic_signal_latency
traffic,pg,19,362,1.0,1.0,1.0,1.0,1,prioritize_ew,0.09673979047582153,0.8500621388935381,0.05319807063064039,-350.82072926385746,0.03533461656921755,1.0,0.0,traffic_signal_latency
traffic,pg,19,363,1.0,1.0,1.0,0.9646653834307825,1,prioritize_ew,0.09630628539246242,0.8508602704123058,0.052833444195231706,-351.4791738836274,0.03272236107308546,1.0,0.0,traffic_signal_latency
traffic,pg,19,364,1.0,1.0,1.0,0.9973877445038679,1,prioritize_ew,0.09670734878805802,0.8501219195622054,0.05317073164973666,-352.37161222879666,0.0026122554961320876,1.0,0.0,traffic_signal_latency
traffic,pg,19,365,1.0,1.0,1.0,1.0,1,balanced,0.09673979047582153,0.8500621388935381,0.05319807063064039,-352.41814646699396,0.0,1.0,0.0,traffic_signal_latency
traffic,pg,19,366,1.0,1.0,1.0,1.0,1,prioritize_ew,0.09673979047582153,0.8500621388935381,0.05319807063064039,-353.12470268496673,0.0,1.0,0.0,traffic_signal_latency
traffic,pg,19,367,1.0,1.0,1.0,1.0,1,prioritize_ew,0.09673979047582153,0.8500621388935381,0.05319807063064039,-353.18880050518106,0.0,1.0,0.0,traffic_signal_latency
traffic,pg,19,368,1.0,1.0,1.0,1.0,1,prioritize_ew,0.09673979047582153,0.8500621388935381,0.05319807063064039,-353.69291960602817,0.0,1.0,0.0,traffic_signal_latency
traffic,pg,19,369,1.0,1.0,1.0,1.0,0,prioritize_ns,0.09673979047582153,0.8500621388935381,0.05319807063064039,-353.21487742265145,0.0,1.0,0.0,traffic_signal_latency
traffic,pg,19,370,1.0,1.0,1.0,1.0,1,prioritize_ew,0.09673979047582153,0.8500621388935381,0.05319807063064039,-353.3436512345037,0.0,1.0,0.0,traffic_signal_latency
traffic,pg,19,371,1.0,1.0,1.0,1.0,1,prioritize_ew,0.09673979047582153,0.8500621388935381,0.05319807063064039,-353.280213855168,0.010010524573414559,1.0,0.0,traffic_signal_latency
traffic,pg,19,372,1.0,1.0,1.0,0.9899894754265854,1,prioritize_ew,0.0966158179974824,0.8502905354638546,0.05309364653866306,-353.3382391597604,0.004995966927308637,1.0,0.0,traffic_signal_latency
traffic,pg,19,373,1.0,1.0,1.0,0.9949854423538941,1,prioritize_ew,0.09667758267483269,0.8501767601996811,0.05314565712548594,-353.41552764384727,0.011364737427649652,1.0,0.0,traffic_signal_latency
traffic,pg,19,374,1.0,1.0,1.0,0.9836207049262444,0,prioritize_ns,0.09653742885697365,0.850434903098225,0.05302766804480143,-353.56738725296714,0.016379295073755573,1.0,0.0,traffic_signal_latency
traffic,pg,19,375,1.0,1.0,1.0,1.0,1,prioritize_ew,0.09673979047582153,0.8500621388935381,0.05319807063064039,-353.9815038823823,0.0,1.0,0.0,traffic_signal_latency
traffic,pg,19,376,1.0,1.0,1.0,1.0,1,prioritize_ew,0.09673979047582153,0.8500621388935381,0.05319807063064039,-354.73833323044903,0.006397763879143037,1.0,0.0,traffic_signal_latency
traffic,pg,19,377,1.0,1.0,1.0,0.993602236120857,1,prioritize_ew,0.0966604563740304,0.8502083145691598,0.05313122905680995,-355.4760804841888,0.06043810631094648,1.0,0.0,traffic_signal_latency
traffic,pg,19,378,1.0,1.0,1.0,0.9331641298099105,1,balanced,0.09592958619474047,0.851552598482849,0.0525178153224106,-356.5196321741735,0.06683587019008952,1.0,0.0,traffic_signal_latency
traffic,pg,19,379,1.0,1.0,1.0,1.0,1,prioritize_ew,0.09673979047582153,0.8500621388935381,0.05319807063064039,-357.28814941927504,0.0,1.0,0.0,traffic_signal_latency
traffic,pg,19,380,1.0,1.0,1.0,1.0,1,prioritize_ew,0.09673979047582153,0.8500621388935381,0.05319807063064039,-357.6537115406742,0.07075873202218608,1.0,0.0,traffic_signal_latency
traffic,pg,19,381,1.0,1.0,1.0,0.9292412679778139,1,balanced,0.09588332500882014,0.8516375379196547,0.052479137071525184,-358.3535028527362,0.07075873202218608,1.0,0.0,traffic_signal_latency
traffic,pg,19,382,1.0,1.0,1.0,1.0,1,prioritize_ew,0.09673979047582153,0.8500621388935381,0.05319807063064039,-359.12263571235314,0.0,1.0,0.0,traffic_signal_latency
traffic,pg,19,383,1.0,1.0,1.0,1.0,1,prioritize_ew,0.09673979047582153,0.8500621388935381,0.05319807063064039,-360.22156434037726,0.0,1.0,0.0,traffic_signal_latency
traffic,pg,19,384,1.0,1.0,1.0,1.0,1,prioritize_ew,0.09673979047582153,0.8500621388935381,0.05319807063064039,-361.11313280517544,0.0,1.0,0.0,traffic_signal_latency
traffic,pg,19,385,1.0,1.0,1.0,1.0,1,prioritize_ew,0.09673979047582153,0.8500621388935381,0.05319807063064039,-362.5825393994509,0.0,1.0,0.0,traffic_signal_latency
traffic,pg,19,386,1.0,1.0,1.0,1.0,1,prioritize_ew,0.09673979047582153,0.8500621388935381,0.05319807063064039,-363.8492951070185,0.0,1.0,0.0,traffic_signal_latency
traffic,pg,19,387,1.0,1.0,1.0,1.0,1,prioritize_ew,0.09673979047582153,0.8500621388935381,0.05319807063064039,-364.64330676271504,0.041899758559330036,1.0,0.0,traffic_signal_latency
traffic,pg,19,388,1.0,1.0,1.0,0.95810024144067,1,prioritize_ew,0.09622701763463157,0.8510060550073453,0.052766927358023144,-365.5026967003208,0.041899758559330036,1.0,0.0,traffic_signal_latency
traffic,pg,19,389,1.0,1.0,1.0,1.0,1,prioritize_ew,0.09673979047582153,0.8500621388935381,0.05319807063064039,-366.4986041904698,0.02678448877048334,1.0,0.0,traffic_signal_latency
traffic,pg,19,390,1.0,1.0,1.0,0.9732155112295167,1,prioritize_ew,0.09641013877870129,0.8506692083083689,0.05292065291292981,-367.57040918479834,0.02678448877048334,1.0,0.0,traffic_signal_latency
traffic,pg,19,391,1.0,1.0,1.0,1.0,1,prioritize_ew,0.09673979047582153,0.8500621388935381,0.05319807063064039,-368.2616450732544,0.0036012294524737642,1.0,0.0,traffic_signal_latency
traffic,pg,19,392,1.0,1.0,1.0,0.9963987705475262,1,prioritize_ns,0.09669508299025324,0.8501445162103596,0.053160400799387185,-368.7281755784872,0.10493088582034127,1.0,0.0,traffic_signal_latency
traffic,pg,19,393,1.0,1.0,1.0,0.891467884727185,1,prioritize_ew,0.09544550468621814,0.852440599100678,0.05211389621310401,-369.5510290920415,0.10853211527281503,1.0,0.0,traffic_signal_latency
traffic,pg,19,394,1.0,1.0,1.0,1.0,1,prioritize_ew,0.09673979047582153,0.8500621388935381,0.05319807063064039,-370.1347246698346,0.0,1.0,0.0,traffic_signal_latency
traffic,pg,19,395,1.0,1.0,1.0,1.0,1,prioritize_ew,0.09673979047582153,0.8500621388935381,0.05319807063064039,-371.2974869777111,0.016092211510190357,1.0,0.0,traffic_signal_latency
traffic,pg,19,396,1.0,1.0,1.0,0.9839077884898096,1,prioritize_ew,0.096540945402588,0.8504284213314588,0.05303063326595323,-371.9018292087008,0.01551422562642657,1.0,0.0,traffic_signal_latency
traffic,pg,19,397,1.0,1.0,1.0,0.9994220141162362,1,prioritize_ew,0.0967326073689996,0.850075374131958,0.05319201849904253,-372.341914794681,0.0034264930771725766,1.0,0.0,traffic_signal_latency
traffic,pg,19,398,1.0,1.0,1.0,0.9959955210390636,1,prioritize_ew,0.09669008965998659,0.8501537185422179,0.05315619179779544,-372.6363526021614,0.004004478960936364,1.0,0.0,traffic_signal_latency
traffic,pg,19,399,1.0,1.0,1.0,1.0,1,prioritize_ew,0.09673979047582153,0.8500621388935381,0.05319807063064039,-373.5956063762742,0.0,1.0,0.0,traffic_signal_latency
traffic,pg,19,400,1.0,1.0,1.0,1.0,2,balanced,0.09673979047582153,0.8500621388935381,0.05319807063064039,-373.52588522633096,0.03608683954854963,1.0,0.0,traffic_signal_latency
traffic,pg,19,401,1.0,1.0,1.0,0.9639131604514504,1,prioritize_ew,0.09629718295643273,0.8508770176681335,0.05282579937543376,-374.2469888969677,4278.50071399438,0.0,0.0,none
traffic,pg,19,402,4262.238781899169,33.21381366396521,383.5894303242903,1.0,1,prioritize_ew,0.005364810258768494,0.992749437374044,0.0018857523671875294,-374.61648442021124,5.100359516476886,0.0,0.0,none
traffic,pg,19,403,4267.31589913016,32.75232469099209,383.7429742851594,1.0,1,prioritize_ew,0.005364810258768494,0.992749437374044,0.0018857523671875294,-375.2049512284392,8.431495433851882,0.0,0.0,none
traffic,pg,19,404,4275.707535733905,33.55808427197012,383.5970227198917,1.0,1,prioritize_ew,0.005364810258768494,0.992749437374044,0.0018857523671875294,-376.1500125073927,12.264153547022952,0.0,0.0,none
traffic,pg,19,405,4287.968941646285,33.36140669969531,383.7664488376454,1.0,1,prioritize_ew,0.005364810258768494,0.992749437374044,0.0018857523671875294,-376.8950476283777,9.008695820086757,0.0,0.0,none
traffic,pg,19,406,4296.8100922455105,34.86425548345555,382.91081924850266,1.0,1,prioritize_ew,0.005364810258768494,0.992749437374044,0.0018857523671875294,-377.48314030530304,5.37932819765531,0.0,0.0,none
traffic,pg,19,407,4301.880199134797,33.92828344712564,384.4454672004789,1.0,1,prioritize_ew,0.005364810258768494,0.992749437374044,0.0018857523671875294,-378.20918996338304,7.587223011919188,0.0,0.0,none
traffic,pg,19,408,4309.425762286184,34.42197263120501,385.06731987640103,1.0,1,prioritize_ew,0.005364810258768494,0.992749437374044,0.0018857523671875294,-378.7790102145041,5.14248582873123,0.0,0.0,none
traffic,pg,19,409,4314.275019121938,33.713496677606486,386.62550165744113,1.0,1,prioritize_ew,0.005364810258768494,0.992749437374044,0.0018857523671875294,-379.363047850912,5.442259867477695,0.0,0.0,none
traffic,pg,19,410,4319.533716280163,32.31295492677564,386.57278100290927,1.0,1,prioritize_ew,0.005364810258768494,0.992749437374044,0.0018857523671875294,-380.65111224658415,15.300891076143536,0.0,0.0,none
traffic,pg,19,411,4334.393532535472,33.51668805799239,390.01576737106063,1.0,1,prioritize_ew,0.005364810258768494,0.992749437374044,0.0018857523671875294,-381.5033640716255,8.292558136476865,0.0,0.0,none
traffic,pg,19,412,4342.575879901534,34.139136153347295,391.2108700430279,1.0,1,prioritize_ew,0.005364810258768494,0.992749437374044,0.0018857523671875294,-382.57764824876267,9.872107759448774,0.0,0.0,none
traffic,pg,19,413,4352.229536228534,34.560754788469964,393.2326684654371,1.0,0,prioritize_ns,0.005364810258768494,0.992749437374044,0.0018857523671875294,-383.59091945728716,13.20583489199952,0.0,0.0,none
traffic,pg,19,414,4365.328696340855,36.21073544378349,393.5218801243201,1.0,1,prioritize_ew,0.005364810258768494,0.992749437374044,0.0018857523671875294,-384.24662613657284,5.075076002782803,0.0,0.0,none
traffic,pg,19,415,4370.0879197017175,36.11084068431092,395.2814853279007,1.0,1,prioritize_ew,0.005364810258768494,0.992749437374044,0.0018857523671875294,-385.53045900261327,13.88210031453541,0.0,0.0,none
traffic,pg,19,416,4383.905439273019,35.902381347509355,396.60262375533205,1.0,1,prioritize_ew,0.005364810258768494,0.992749437374044,0.0018857523671875294,-386.38914880519553,7.290801386487186,0.0,0.0,none
traffic,pg,19,417,4390.915082462545,35.66784051220235,398.59402472181387,1.0,1,prioritize_ew,0.005364810258768494,0.992749437374044,0.0018857523671875294,-387.2170777732796,6.252380212988798,0.0,0.0,none
traffic,pg,19,418,4396.5881019997105,34.87171315423532,401.0990773936369,1.0,1,prioritize_ew,0.005364810258768494,0.992749437374044,0.0018857523671875294,-387.9681647217021,7.3423911242868565,0.0,0.0,none
traffic,pg,19,419,4403.811117170692,33.696484165967426,401.697070777302,1.0,1,prioritize_ew,0.005364810258768494,0.992749437374044,0.0018857523671875294,-388.7093620197338,6.974046592051544,0.0,0.0,none
traffic,pg,19,420,4410.699463629977,34.12230878565181,402.7004063733208,1.0,1,prioritize_ew,0.005364810258768494,0.992749437374044,0.0018857523671875294,-389.9916972729235,13.466769555132544,0.0,0.0,none
traffic,pg,19,421,4424.0756572401915,34.034043593434454,404.2571773933945,1.0,1,prioritize_ew,0.005364810258768494,0.992749437374044,0.0018857523671875294,-390.4852435584523,3.9849276181305235,0.0,0.0,none
traffic,pg,19,422,4427.545751246114,33.3261337567139,406.08391201420613,1.0,1,prioritize_ew,0.005364810258768494,0.992749437374044,0.0018857523671875294,-390.76189033359464,2.9219655253251102,0.0,0.0,none
traffic,pg,19,423,4427.333567971746,32.14909319440702,408.74988956549026,1.0,1,prioritize_ew,0.005364810258768494,0.992749437374044,0.0018857523671875294,-391.2954218295469,4.283601993858417,0.0,0.0,none
traffic,pg,19,424,4431.370546797212,31.511885925304018,410.0328606878171,1.0,1,prioritize_ew,0.005364810258768494,0.992749437374044,0.0018857523671875294,-391.6997583228578,2.525205055746177,0.0,0.0,none
traffic,pg,19,425,4433.000550222171,30.460217318438993,411.6495680050279,1.0,1,prioritize_ew,0.005364810258768494,0.992749437374044,0.0018857523671875294,-392.31306162264553,6.475196525640614,0.0,0.0,none
traffic,pg,19,426,4439.098529502439,29.00457445244975,410.02971536056214,1.0,1,prioritize_ew,0.005364810258768494,0.992749437374044,0.0018857523671875294,-392.7842807338236,4.849088852128973,0.0,0.0,none
traffic,pg,19,427,4443.873783063753,29.265606363527816,410.83126290275953,1.0,1,prioritize_ew,0.005364810258768494,0.992749437374044,0.0018857523671875294,-393.2282437918126,5.176100473129592,0.0,0.0,none
traffic,pg,19,428,4448.931485910801,30.319583587811188,410.51378844774405,1.0,1,prioritize_ew,0.005364810258768494,0.992749437374044,0.0018857523671875294,-393.7798918665171,5.468456610210631,0.0,0.0,none
traffic,pg,19,429,4454.315393102978,30.588969261153437,411.4330231309309,1.0,1,prioritize_ew,0.005364810258768494,0.992749437374044,0.0018857523671875294,-393.97304962211916,1.329513500334951,0.0,0.0,none
traffic,pg,19,430,4455.335441251513,30.466978205868532,412.2769580245541,1.0,1,prioritize_ew,0.005364810258768494,0.992749437374044,0.0018857523671875294,-393.95745494372727,3.151264576899531,0.0,0.0,none
traffic,pg,19,431,4453.294404885079,28.83917507652783,414.04186480867156,1.0,1,prioritize_ew,0.005364810258768494,0.992749437374044,0.0018857523671875294,-394.43743209600245,6.271409991955515,0.0,0.0,none
traffic,pg,19,432,4459.542089696321,29.13366132651389,414.5004448290979,1.0,1,prioritize_ew,0.005364810258768494,0.992749437374044,0.0018857523671875294,-394.7755802014536,4.060254509854863,0.0,0.0,none
traffic,pg,19,433,4463.593617478417,28.932426313523354,414.6744959286295,1.0,1,prioritize_ew,0.005364810258768494,0.992749437374044,0.0018857523671875294,-395.43808682067794,7.252915656172646,0.0,0.0,none
traffic,pg,19,434,4470.7451674737995,29.285954874164112,415.8299766666412,1.0,1,prioritize_ew,0.005364810258768494,0.992749437374044,0.0018857523671875294,-396.013343650436,8.625848325903615,0.0,0.0,none
traffic,pg,19,435,4479.238003952538,30.7805125402049,416.0380277896471,1.0,1,prioritize_ew,0.005364810258768494,0.992749437374044,0.0018857523671875294,-396.6121879132098,6.765681224378507,0.0,0.0,none
traffic,pg,19,436,4485.617522297993,32.46462348258287,414.5413787179958,1.0,1,prioritize_ew,0.005364810258768494,0.992749437374044,0.0018857523671875294,-397.1878529598731,7.6988074851298745,0.0,0.0,none
traffic,pg,19,437,4493.306632815667,32.752908623869146,414.7984931232528,1.0,1,prioritize_ew,0.005364810258768494,0.992749437374044,0.0018857523671875294,-397.8346367638755,9.45268362698655,0.0,0.0,none
traffic,pg,19,438,4502.68447934734,33.818172373784535,414.27462737383837,1.0,1,prioritize_ew,0.005364810258768494,0.992749437374044,0.0018857523671875294,-398.6666694929668,8.948172910854817,0.0,0.0,none
traffic,pg,19,439,4511.562848309402,34.16353616712086,415.3353284939932,1.0,1,prioritize_ew,0.005364810258768494,0.992749437374044,0.0018857523671875294,-399.41782569927483,7.95849361053914,0.0,0.0,none
traffic,pg,19,440,4519.459686692652,34.04433654802297,416.3168352686166,1.0,1,prioritize_ew,0.005364810258768494,0.992749437374044,0.0018857523671875294,-400.1950241759438,8.24735544118886,0.0,0.0,none
traffic,pg,19,441,4527.676969518771,34.41188944415603,416.9168682655589,1.0,1,prioritize_ew,0.005364810258768494,0.992749437374044,0.0018857523671875294,-401.18836370659454,11.02725307822434,0.0,0.0,none
traffic,pg,19,442,4538.5716444037935,35.05300231762548,418.49653401638966,1.0,1,prioritize_ew,0.005364810258768494,0.992749437374044,0.0018857523671875294,-402.0879884479235,12.017548505832092,0.0,0.0,none
traffic,pg,19,443,4550.548359918281,35.57277611418838,419.3389073157487,1.0,1,prioritize_ew,0.005364810258768494,0.992749437374044,0.0018857523671875294,-402.9175148537688,9.874489864771363,0.0,0.0,none
traffic,pg,19,444,4560.398701346341,35.76717060738768,420.00112678172974,1.0,1,prioritize_ew,0.005364810258768494,0.992749437374044,0.0018857523671875294,-403.8764409079808,11.993679509137873,0.0,0.0,none
traffic,pg,19,445,4572.355427127545,36.579148086978726,420.4762576412196,1.0,1,prioritize_ew,0.005364810258768494,0.992749437374044,0.0018857523671875294,-404.9446529294215,12.475341366494773,0.0,0.0,none
traffic,pg,19,446,4584.791954753406,37.422997046926845,420.981076177508,1.0,1,prioritize_ew,0.005364810258768494,0.992749437374044,0.0018857523671875294,-406.42763151110415,17.625996944900628,0.0,0.0,none
traffic,pg,19,447,4602.13114232476,38.71189958419321,423.8736654875332,1.0,1,prioritize_ew,0.005364810258768494,0.992749437374044,0.0018857523671875294,-408.0230310649376,19.531824529170812,0.0,0.0,none
traffic,pg,19,448,4621.4727746746,40.184882951264,426.15921738636575,1.0,1,prioritize_ew,0.005364810258768494,0.992749437374044,0.0018857523671875294,-408.99652592235014,10.35101224615028,0.0,0.0,none
traffic,pg,19,449,4631.757688313356,40.271797393403205,427.32388551207157,1.0,1,prioritize_ew,0.005364810258768494,0.992749437374044,0.0018857523671875294,-410.13471238024937,13.749148871224701,0.0,0.0,none
traffic,pg,19,450,4645.483504979705,40.62561557043217,428.0421223967328,1.0,1,prioritize_ew,0.005364810258768494,0.992749437374044,0.0018857523671875294,-411.2795640314692,11.614837068730434,0.0,0.0,none
traffic,pg,19,451,4656.946548457424,40.430918740803904,429.90361843637635,1.0,1,prioritize_ew,0.005364810258768494,0.992749437374044,0.0018857523671875294,-412.0380446175383,7.258012828177432,0.0,0.0,none
traffic,pg,19,452,4663.482240479039,38.27021963085607,432.2046745784231,1.0,1,prioritize_ew,0.005364810258768494,0.992749437374044,0.0018857523671875294,-412.92778574805607,8.53556780891,0.0,0.0,none
traffic,pg,19,453,4671.722192908896,36.049883646859385,432.03376556063296,1.0,1,prioritize_ew,0.005364810258768494,0.992749437374044,0.0018857523671875294,-413.79031927476694,8.809535025338736,0.0,0.0,none
traffic,pg,19,454,4680.427200761113,35.73390248955148,433.34940288289783,1.0,1,prioritize_ew,0.005364810258768494,0.992749437374044,0.0018857523671875294,-414.7532660908999,9.629238388600228,0.0,0.0,none
traffic,pg,19,455,4690.00582560049,34.90446412415697,433.88251650022016,1.0,1,prioritize_ew,0.005364810258768494,0.992749437374044,0.0018857523671875294,-415.3370985566386,4.794775699884671,0.0,0.0,none
traffic,pg,19,456,4694.247643898257,33.46021908816657,435.58868408195326,1.0,1,prioritize_ew,0.005364810258768494,0.992749437374044,0.0018857523671875294,-415.9388212015579,4.456233830735949,0.0,0.0,none
traffic,pg,19,457,4698.111964319065,32.92594476800528,437.7426568279126,1.0,1,prioritize_ew,0.005364810258768494,0.992749437374044,0.0018857523671875294,-416.13785845262186,2.8673980148020273,0.0,0.0,none
traffic,pg,19,458,4697.831203791288,31.221802176478377,440.0315523976311,1.0,1,prioritize_ew,0.005364810258768494,0.992749437374044,0.0018857523671875294,-416.7381995579299,3.9048258942317755,0.0,0.0,none
traffic,pg,19,459,4701.350870667104,30.184733981198207,441.3672544249896,1.0,1,prioritize_ew,0.005364810258768494,0.992749437374044,0.0018857523671875294,-417.41204332028826,6.786146291349592,0.0,0.0,none
traffic,pg,19,460,4708.112634595697,29.621361799041562,441.48101665923366,1.0,1,prioritize_ew,0.005364810258768494,0.992749437374044,0.0018857523671875294,-418.11234946528606,7.356195282005973,0.0,0.0,none
traffic,pg,19,461,4715.30760362179,30.211991944706632,442.8942348913572,1.0,1,prioritize_ew,0.005364810258768494,0.992749437374044,0.0018857523671875294,-418.28016867895843,3.0122740966233894,0.0,0.0,none
traffic,pg,19,462,4713.6910360708935,29.115814350365547,445.18746389611044,1.0,1,prioritize_ew,0.005364810258768494,0.992749437374044,0.0018857523671875294,-418.2980303413987,1.2467334158856167,0.0,0.0,none
traffic,pg,19,463,4712.622692480972,28.95829773793663,445.81050057317503,1.0,1,prioritize_ew,0.005364810258768494,0.992749437374044,0.0018857523671875294,-418.57946820512433,1.5879995839239582,0.0,0.0,none
traffic,pg,19,464,4713.6459217876,28.45901022409908,446.91750393501525,1.0,1,prioritize_ew,0.005364810258768494,0.992749437374044,0.0018857523671875294,-418.6989055642287,1.3685364698878664,0.0,0.0,none
traffic,pg,19,465,4714.150686973416,27.207610475543618,446.6892434567962,1.0,1,prioritize_ew,0.005364810258768494,0.992749437374044,0.0018857523671875294,-418.76081058846955,2.467955772751024,0.0,0.0,none
traffic,pg,19,466,4712.994330494994,25.537345374640676,445.28786560490454,1.0,1,prioritize_ew,0.005364810258768494,0.992749437374044,0.0018857523671875294,-419.24064688583337,3.821225869514543,0.0,0.0,none
traffic,pg,19,467,4716.198585366992,26.50150985921967,447.13310399270136,1.0,1,prioritize_ew,0.005364810258768494,0.992749437374044,0.0018857523671875294,-419.58429073430045,1.9558611120772054,0.0,0.0,none
traffic,pg,19,468,4717.80510166747,27.036481837299654,448.11203353495875,1.0,1,prioritize_ew,0.005364810258768494,0.992749437374044,0.0018857523671875294,-420.28222786717595,7.972869114122711,0.0,0.0,none
traffic,pg,19,469,4725.299756794759,28.330767001432037,450.50402273807885,1.0,1,prioritize_ew,0.005364810258768494,0.992749437374044,0.0018857523671875294,-420.3749187353511,1.036822132298029,0.0,0.0,none
traffic,pg,19,470,4724.717209499826,28.113304505282183,451.33369065113675,1.0,1,prioritize_ew,0.005364810258768494,0.992749437374044,0.0018857523671875294,-421.48478899683937,13.5230179798379,0.0,0.0,none
traffic,pg,19,471,4737.66242700365,30.933619301731323,454.04278339791296,1.0,1,prioritize_ew,0.005364810258768494,0.992749437374044,0.0018857523671875294,-422.0363588397731,4.1007806440643515,0.0,0.0,none
traffic,pg,19,472,4741.5272150569,31.06572593798166,455.40746762177156,1.0,1,prioritize_ew,0.005364810258768494,0.992749437374044,0.0018857523671875294,-422.7570471506003,8.981803578802145,0.0,0.0,none
traffic,pg,19,473,4750.385022527582,32.51598417202264,455.73730605966074,1.0,1,prioritize_ew,0.005364810258768494,0.992749437374044,0.0018857523671875294,-423.6367272254648,8.25321733162449,0.0,0.0,none
traffic,pg,19,474,4758.481453127671,32.63633926658235,457.33384059176046,1.0,1,prioritize_ew,0.005364810258768494,0.992749437374044,0.0018857523671875294,-424.8223115179685,11.73652698107684,0.0,0.0,none
traffic,pg,19,475,4769.95977133182,35.048512366398924,457.75300370841387,1.0,1,prioritize_ew,0.005364810258768494,0.992749437374044,0.0018857523671875294,-425.9115798079996,13.002944004833191,0.0,0.0,none
traffic,pg,19,476,4782.930625756372,35.05363975054454,458.6659451084128,1.0,1,prioritize_ew,0.005364810258768494,0.992749437374044,0.0018857523671875294,-426.799669327114,10.518342211662658,0.0,0.0,none
traffic,pg,19,477,4793.350675264218,36.36469204146384,458.0835079648831,1.0,1,prioritize_ew,0.005364810258768494,0.992749437374044,0.0018857523671875294,-428.1927058164855,17.059804312720292,0.0,0.0,none
traffic,pg,19,478,4810.18938144813,37.96087178410964,460.3077173680997,1.0,1,prioritize_ew,0.005364810258768494,0.992749437374044,0.0018857523671875294,-429.4765096499833,15.185054429200846,0.0,0.0,none
traffic,pg,19,479,4825.298945879347,39.36349855033566,460.8730304418508,1.0,1,prioritize_ew,0.005364810258768494,0.992749437374044,0.0018857523671875294,-430.7135417040105,13.707047540737891,0.0,0.0,none
traffic,pg,19,480,4838.945376321248,39.79712099788562,462.0854907716762,1.0,1,prioritize_ew,0.005364810258768494,0.992749437374044,0.0018857523671875294,-432.1732757642375,16.883714292596515,0.0,0.0,none
traffic,pg,19,481,4855.730025655211,40.55987997976792,463.7448743275431,1.0,1,prioritize_ew,0.005364810258768494,0.992749437374044,0.0018857523671875294,-433.6882816596675,18.361389441200583,0.0,0.0,none
traffic,pg,19,482,4874.019677492918,42.13380044574019,464.1347874379552,1.0,1,prioritize_ew,0.005364810258768494,0.992749437374044,0.0018857523671875294,-435.31150385073835,20.387058258808075,0.0,0.0,none
traffic,pg,19,483,4894.3200178199,42.82612727435432,465.880929075714,1.0,1,prioritize_ew,0.005364810258768494,0.992749437374044,0.0018857523671875294,-436.5698859333703,16.486669182801666,0.0,0.0,none
traffic,pg,19,484,4910.79996977333,43.10020477879668,466.26345473151,1.0,1,prioritize_ew,0.005364810258768494,0.992749437374044,0.0018857523671875294,-438.04597170807597,18.260590357535065,0.0,0.0,none
traffic,pg,19,485,4929.036753769559,44.018275489662294,466.42474902911835,1.0,1,prioritize_ew,0.005364810258768494,0.992749437374044,0.0018857523671875294,-438.861709265454,9.72115679444712,0.0,0.0,none
traffic,pg,19,486,4937.944175688923,42.442830006742476,469.9851837923201,1.0,1,prioritize_ew,0.005364810258768494,0.992749437374044,0.0018857523671875294,-440.31327267570725,18.061871201176174,0.0,0.0,none
traffic,pg,19,487,4955.982419705589,42.39254844253402,470.90736373538726,1.0,1,prioritize_ew,0.005364810258768494,0.992749437374044,0.0018857523671875294,-441.1347580429582,11.911276627302238,0.0,0.0,none
traffic,pg,19,488,4967.768883458315,40.68977312768275,470.6658283861794,1.0,1,prioritize_ew,0.005364810258768494,0.992749437374044,0.0018857523671875294,-441.948930867188,9.326904161484908,0.0,0.0,none
traffic,pg,19,489,4976.884592236039,39.21692449254151,471.9794918191855,1.0,1,prioritize_ew,0.005364810258768494,0.992749437374044,0.0018857523671875294,-442.7369048258423,11.484991143719828,0.0,0.0,none
traffic,pg,19,490,4988.253359253426,37.84332109677341,471.1023534111701,1.0,1,prioritize_ew,0.005364810258768494,0.992749437374044,0.0018857523671875294,-443.11029449023476,4.5276785801258335,0.0,0.0,none
traffic,pg,19,491,4992.373240651737,36.88581299256286,472.71778797163745,1.0,1,prioritize_ew,0.005364810258768494,0.992749437374044,0.0018857523671875294,-443.6889161678044,7.032943729820611,0.0,0.0,none
traffic,pg,19,492,4998.946691065754,34.59285427203296,471.7205981866735,1.0,1,prioritize_ew,0.005364810258768494,0.992749437374044,0.0018857523671875294,-443.9718599160436,4.206831650488739,0.0,0.0,none
traffic,pg,19,493,5002.84651865642,33.01552703962093,471.7491656598717,1.0,1,prioritize_ew,0.005364810258768494,0.992749437374044,0.0018857523671875294,-443.8898873700872,4.188857012811012,0.0,0.0,none
traffic,pg,19,494,5000.166167803991,30.656315113590363,473.9392253553445,1.0,1,prioritize_ew,0.005364810258768494,0.992749437374044,0.0018857523671875294,-444.384347810299,6.288796522535778,0.0,0.0,none
traffic,pg,19,495,5006.300966847305,29.609521518775665,473.035109450239,1.0,1,prioritize_ew,0.005364810258768494,0.992749437374044,0.0018857523671875294,-444.80032191338256,2.8976893584071473,0.0,0.0,none
traffic,pg,19,496,5008.937791815552,29.312910232762995,474.19948887708557,1.0,1,prioritize_ew,0.005364810258768494,0.992749437374044,0.0018857523671875294,-444.70171560367,3.5027381519601875,0.0,0.0,none
traffic,pg,19,497,5006.089932677831,27.428648322415416,474.9795080730715,1.0,1,prioritize_ew,0.005364810258768494,0.992749437374044,0.0018857523671875294,-444.55302242516194,4.626089474075179,0.0,0.0,none
traffic,pg,19,498,5001.888072015496,25.808310671815082,476.0376085855546,1.0,1,prioritize_ew,0.005364810258768494,0.992749437374044,0.0018857523671875294,-444.66722349409315,1.095538066625506,0.0,0.0,none
traffic,pg,19,499,5001.111131528625,26.188992744926754,476.7096564220205,1.0,1,prioritize_ew,0.005364810258768494,0.992749437374044,0.0018857523671875294,-445.02821377692635,1.5924171724481515,0.0,0.0,none
traffic,pg,19,500,5002.362551296227,25.21231688978443,476.8355344993217,1.0,1,prioritize_ew,0.005364810258768494,0.992749437374044,0.0018857523671875294,-445.66859325764915,7.606227274091717,0.0,0.0,none
traffic,pg,19,501,5009.599419919589,26.13232562080732,478.98867402294167,1.0,1,prioritize_ew,0.005364810258768494,0.992749437374044,0.0018857523671875294,-445.70111277421665,3.0754470578553317,0.0,0.0,none
traffic,pg,19,502,5006.750979363268,26.13220933708724,480.1483123239878,1.0,1,prioritize_ew,0.005364810258768494,0.992749437374044,0.0018857523671875294,-446.35444890152746,6.796064899373254,0.0,0.0,none
traffic,pg,19,503,5013.134211272613,28.249227851423576,481.1276391938151,1.0,1,prioritize_ew,0.005364810258768494,0.992749437374044,0.0018857523671875294,-446.72539425938385,1.720155627074689,0.0,0.0,none
traffic,pg,19,504,5014.273591731949,28.63249204066479,482.35802779563437,1.0,1,prioritize_ew,0.005364810258768494,0.992749437374044,0.0018857523671875294,-447.5330743346318,6.6328325416992495,0.0,0.0,none
traffic,pg,19,505,5020.513559519461,29.630201644646654,484.3734297612881,1.0,1,prioritize_ew,0.005364810258768494,0.992749437374044,0.0018857523671875294,-448.23489550727385,5.838742820894244,0.0,0.0,none
traffic,pg,19,506,5026.203643314653,29.320844679012584,485.645499885159,1.0,1,prioritize_ew,0.005364810258768494,0.992749437374044,0.0018857523671875294,-448.9776824494072,5.988927670224043,0.0,0.0,none
traffic,pg,19,507,5031.941028914909,31.038009910328178,485.6771965965301,1.0,1,prioritize_ew,0.005364810258768494,0.992749437374044,0.0018857523671875294,-450.11100456505363,12.40894094846689,0.0,0.0,none
traffic,pg,19,508,5043.940672198532,32.16129218518379,488.6316192912926,1.0,1,prioritize_ew,0.005364810258768494,0.992749437374044,0.0018857523671875294,-451.38264758797277,11.922286900186204,0.0,0.0,none
traffic,pg,19,509,5055.547077933966,34.254697240403246,490.3780230560714,1.0,1,prioritize_ew,0.005364810258768494,0.992749437374044,0.0018857523671875294,-452.1440766381122,7.093780214278143,0.0,0.0,none
traffic,pg,19,510,5062.523434523103,34.40197500072831,491.6549238865984,1.0,1,prioritize_ew,0.005364810258768494,0.992749437374044,0.0018857523671875294,-453.17355696355486,9.575500542909797,0.0,0.0,none
traffic,pg,19,511,5071.950481285077,35.14936759408467,493.15905297221866,1.0,1,prioritize_ew,0.005364810258768494,0.992749437374044,0.0018857523671875294,-454.376793848323,10.441514727319744,0.0,0.0,none
traffic,pg,19,512,5082.204982564819,36.052790729981936,494.90669708419745,1.0,1,prioritize_ew,0.005364810258768494,0.992749437374044,0.0018857523671875294,-455.7668671418161,15.186476769714293,0.0,0.0,none
traffic,pg,19,513,5097.163801551526,36.64462587059867,497.45866541596223,1.0,1,prioritize_ew,0.005364810258768494,0.992749437374044,0.0018857523671875294,-457.20803617381773,16.0053823147193,0.0,0.0,none
traffic,pg,19,514,5112.963912453959,37.483366903998686,499.8722254400865,1.0,1,prioritize_ew,0.005364810258768494,0.992749437374044,0.0018857523671875294,-458.25308400844483,10.173806049916896,0.0,0.0,none
traffic,pg,19,515,5123.067343432718,38.10878178192306,500.89000155949844,1.0,1,prioritize_ew,0.005364810258768494,0.992749437374044,0.0018857523671875294,-459.12436017952695,8.0368600101657,0.0,0.0,none
traffic,pg,19,516,5130.839372409145,37.777778224813666,502.90918977701745,1.0,1,prioritize_ew,0.005364810258768494,0.992749437374044,0.0018857523671875294,-459.69262527721946,5.6265930000429725,0.0,0.0,none
traffic,pg,19,517,5135.972745714307,36.75355262989764,504.97267935263864,1.0,1,prioritize_ew,0.005364810258768494,0.992749437374044,0.0018857523671875294,-460.879655644325,13.894536496672469,0.0,0.0,none
traffic,pg,19,518,5149.837905570929,36.53482080388051,505.8488317343428,1.0,1,prioritize_ew,0.005364810258768494,0.992749437374044,0.0018857523671875294,-461.5894095378044,6.8174233284968615,0.0,0.0,none
traffic,pg,19,519,5156.38562641446,34.684342792100004,506.2735006913518,1.0,1,prioritize_ew,0.005364810258768494,0.992749437374044,0.0018857523671875294,-462.01258973820984,4.860617819512575,0.0,0.0,none
traffic,pg,19,520,5161.066758201916,33.59988295383944,507.0060016367639,1.0,1,prioritize_ew,0.005364810258768494,0.992749437374044,0.0018857523671875294,-462.9351034501133,9.487211102979645,0.0,0.0,none
traffic,pg,19,521,5170.443324067196,33.92079033161026,508.4146199461212,1.0,1,prioritize_ew,0.005364810258768494,0.992749437374044,0.0018857523671875294,-463.22383560823636,2.6902125501849152,0.0,0.0,none
traffic,pg,19,522,5172.773649146893,33.360180686517324,509.6363177049535,1.0,1,prioritize_ew,0.005364810258768494,0.992749437374044,0.0018857523671875294,-463.95344018844054,9.240181034104305,0.0,0.0,none
traffic,pg,19,523,5181.925215464316,32.41746197867751,508.77546875263096,1.0,1,prioritize_ew,0.005364810258768494,0.992749437374044,0.0018857523671875294,-464.30643183149164,3.3816368283457527,0.0,0.0,none
traffic,pg,19,524,5185.101744149498,31.743223547007677,509.71915073736056,1.0,1,prioritize_ew,0.005364810258768494,0.992749437374044,0.0018857523671875294,-464.95714155901396,9.626558576868337,0.0,0.0,none
traffic,pg,19,525,5194.676652800152,32.72197891964743,509.90297752006325,1.0,1,prioritize_ew,0.005364810258768494,0.992749437374044,0.0018857523671875294,-465.6391921659567,10.01666314281178,0.0,0.0,none
traffic,pg,19,526,5204.692485321678,32.84983225089648,509.9200930975257,1.0,1,prioritize_ew,0.005364810258768494,0.992749437374044,0.0018857523671875294,-466.49492738303996,12.611975083755409,0.0,0.0,none
traffic,pg,19,527,5217.135589258416,34.87238802230473,509.54546250035014,1.0,1,prioritize_ew,0.005364810258768494,0.992749437374044,0.0018857523671875294,-466.79038427949115,5.732454353073699,0.0,0.0,none
traffic,pg,19,528,5222.819473229265,34.17885155298997,509.2743479826075,1.0,1,prioritize_ew,0.005364810258768494,0.992749437374044,0.0018857523671875294,-467.4607951315224,10.138551914552517,0.0,0.0,none
traffic,pg,19,529,5232.786311245,35.53691341910077,508.0062616842891,1.0,1,prioritize_ew,0.005364810258768494,0.992749437374044,0.0018857523671875294,-468.3349694792036,12.592732205838793,0.0,0.0,none
traffic,pg,19,530,5245.361452303428,36.136959900655405,508.2937960102075,1.0,1,prioritize_ew,0.005364810258768494,0.992749437374044,0.0018857523671875294,-469.4548290962105,15.017965870069093,0.0,0.0,none
traffic,pg,19,531,5260.312529688569,37.1240088733784,509.3088419320951,1.0,1,prioritize_ew,0.005364810258768494,0.992749437374044,0.0018857523671875294,-469.93893072141026,6.683938728968968,0.0,0.0,none
traffic,pg,19,532,5266.87390421109,35.94766299053473,509.7983433843308,1.0,1,prioritize_ew,0.005364810258768494,0.992749437374044,0.0018857523671875294,-470.92136241404637,13.668922625911744,0.0,0.0,none
traffic,pg,19,533,5280.446211420225,37.52534763819206,509.42040962483105,1.0,1,prioritize_ew,0.005364810258768494,0.992749437374044,0.0018857523671875294,-471.83772193732136,11.163392760452961,0.0,0.0,none
traffic,pg,19,534,5291.591328160829,37.761003383165885,510.0138547632423,1.0,1,prioritize_ew,0.005364810258768494,0.992749437374044,0.0018857523671875294,-472.79723525629043,11.105122455997217,0.0,0.0,none
traffic,pg,19,535,5302.655549794488,37.45881949821208,510.91686600549616,1.0,1,prioritize_ew,0.005364810258768494,0.992749437374044,0.0018857523671875294,-473.7322226325361,9.215192269486014,0.0,0.0,none
traffic,pg,19,536,5311.743441753449,36.2861824129759,511.8940612634595,1.0,1,prioritize_ew,0.005364810258768494,0.992749437374044,0.0018857523671875294,-474.985276225971,15.265363652706368,0.0,0.0,none
traffic,pg,19,537,5326.893783324266,38.00397582263537,512.6341041937392,1.0,1,prioritize_ew,0.005364810258768494,0.992749437374044,0.0018857523671875294,-476.1226338058939,12.886154578492933,0.0,0.0,none
traffic,pg,19,538,5339.731779636544,37.8571136432637,513.7374001680918,1.0,1,prioritize_ew,0.005364810258768494,0.992749437374044,0.0018857523671875294,-477.67144162548146,18.478698137819425,0.0,0.0,none
traffic,pg,19,539,5357.983131084191,39.2783605846724,516.2534511084879,1.0,1,prioritize_ew,0.005364810258768494,0.992749437374044,0.0018857523671875294,-478.9634771377007,15.684866690401154,0.0,0.0,none
traffic,pg,19,540,5373.616843088957,40.19225865889375,517.1291693038216,1.0,1,prioritize_ew,0.005364810258768494,0.992749437374044,0.0018857523671875294,-480.00599523013176,11.601969659006269,0.0,0.0,none
traffic,pg,19,541,5385.201223603793,40.69155637006888,517.52732737746,1.0,1,prioritize_ew,0.005364810258768494,0.992749437374044,0.0018857523671875294,-480.9989156103243,10.96820932881381,0.0,0.0,none
traffic,pg,19,542,5396.014987627674,39.82424086068149,519.1434608260558,1.0,1,prioritize_ew,0.005364810258768494,0.992749437374044,0.0018857523671875294,-481.9563967811537,8.906800921719869,0.0,0.0,none
traffic,pg,19,543,5404.495878623699,38.95281979743119,521.7214864083968,1.0,1,prioritize_ew,0.005364810258768494,0.992749437374044,0.0018857523671875294,-482.82953587089776,7.298532954097159,0.0,0.0,none
traffic,pg,19,544,5411.257897610158,36.654953305193196,523.2259770506639,1.0,1,prioritize_ew,0.005364810258768494,0.992749437374044,0.0018857523671875294,-484.1278266599345,13.472086161210147,0.0,0.0,none
traffic,pg,19,545,5424.6761589760945,36.21186317742734,524.3444754141647,1.0,1,prioritize_ew,0.005364810258768494,0.992749437374044,0.0018857523671875294,-485.48243638138956,14.433162305980431,0.0,0.0,none
traffic,pg,19,546,5438.916914083044,36.74313809585003,526.6324472443523,1.0,1,prioritize_ew,0.005364810258768494,0.992749437374044,0.0018857523671875294,-486.2977532180372,6.465017197372045,0.0,0.0,none
traffic,pg,19,547,5444.7244281989015,35.7418881142455,529.2907786064599,1.0,1,prioritize_ew,0.005364810258768494,0.992749437374044,0.0018857523671875294,-487.0447222361891,5.823174037558897,0.0,0.0,none
traffic,pg,19,548,5450.029489988972,35.106722273054366,531.6064296227865,1.0,1,prioritize_ew,0.005364810258768494,0.992749437374044,0.0018857523671875294,-488.02467616860054,8.974101555284935,0.0,0.0,none
traffic,pg,19,549,5458.840730448431,35.516566567654465,533.2582673703732,1.0,1,prioritize_ew,0.005364810258768494,0.992749437374044,0.0018857523671875294,-488.8554891783971,7.7239196941597115,0.0,0.0,none
traffic,pg,19,550,5466.412958616351,34.34735992805124,534.2346135429447,1.0,0,prioritize_ns,0.005364810258768494,0.992749437374044,0.0018857523671875294,-489.26737949907704,6.855590043712333,0.0,0.0,none
traffic,pg,19,551,5472.748193580034,32.76625589939793,532.1455891646889,1.0,1,prioritize_ew,0.005364810258768494,0.992749437374044,0.0018857523671875294,-489.4319745618571,4.1447434168396535,0.0,0.0,none
traffic,pg,19,552,5471.33121201695,31.321356763609607,535.7626774589822,1.0,1,prioritize_ew,0.005364810258768494,0.992749437374044,0.0018857523671875294,-489.72077968220907,2.0895316615120856,0.0,0.0,none
traffic,pg,19,553,5472.842280178755,30.562558037956528,536.990293062007,1.0,1,prioritize_ew,0.005364810258768494,0.992749437374044,0.0018857523671875294,-489.9183725069279,2.3899414667013708,0.0,0.0,none
traffic,pg,19,554,5471.973410908815,28.626536092076844,538.0897044641151,1.0,1,prioritize_ew,0.005364810258768494,0.992749437374044,0.0018857523671875294,-490.20348446498156,2.3194344755643317,0.0,0.0,none
traffic,pg,19,555,5473.998009907146,27.51701025815911,537.8667075891121,1.0,1,prioritize_ew,0.005364810258768494,0.992749437374044,0.0018857523671875294,-490.5182162884379,1.815073030278589,0.0,0.0,none
traffic,pg,19,556,5475.506326986243,26.55162668124202,537.5708964271041,1.0,1,prioritize_ew,0.005364810258768494,0.992749437374044,0.0018857523671875294,-490.97778689810866,3.1202475768826554,0.0,0.0,none
traffic,pg,19,557,5478.287011911642,27.391159978938553,538.710598198954,1.0,1,prioritize_ew,0.005364810258768494,0.992749437374044,0.0018857523671875294,-491.27478417117095,2.831054052040421,0.0,0.0,none
traffic,pg,19,558,5481.033180234229,27.638180011094885,539.3527879632062,1.0,1,prioritize_ew,0.005364810258768494,0.992749437374044,0.0018857523671875294,-491.4022058063452,0.5249506911010332,0.0,0.0,none
traffic,pg,19,559,5480.82809802769,27.77093742377503,539.8174275934867,1.0,1,prioritize_ew,0.005364810258768494,0.992749437374044,0.0018857523671875294,-491.98228427861665,5.614049543884273,0.0,0.0,none
traffic,pg,19,560,5486.12145129033,28.424688276636704,541.5697327439885,1.0,1,prioritize_ew,0.005364810258768494,0.992749437374044,0.0018857523671875294,-492.2729685171218,1.7017347440487296,0.0,0.0,none
traffic,pg,19,561,5487.513453316113,28.401425265973764,542.548349283627,1.0,1,prioritize_ew,0.005364810258768494,0.992749437374044,0.0018857523671875294,-492.21377243410495,2.894837827168193,0.0,0.0,none
traffic,pg,19,562,5485.14882665555,27.37236294878149,543.8635137406794,1.0,1,prioritize_ew,0.005364810258768494,0.992749437374044,0.0018857523671875294,-492.9384762509482,9.717876091659926,0.0,0.0,none
traffic,pg,19,563,5494.581401087127,28.70964417057985,545.7806298715991,1.0,1,prioritize_ew,0.005364810258768494,0.992749437374044,0.0018857523671875294,-493.8919963964299,12.110823269862179,0.0,0.0,none
traffic,pg,19,564,5506.343671512848,31.103114697031845,547.3907023994841,1.0,1,prioritize_ew,0.005364810258768494,0.992749437374044,0.0018857523671875294,-494.5904887570056,9.125607223213972,0.0,0.0,none
traffic,pg,19,565,5515.420591332859,31.85982800850598,547.9507191293352,1.0,1,prioritize_ew,0.005364810258768494,0.992749437374044,0.0018857523671875294,-495.2734671337585,7.396370391940834,0.0,0.0,none
traffic,pg,19,566,5522.712330153697,33.039775367517095,548.3309350856367,1.0,1,prioritize_ew,0.005364810258768494,0.992749437374044,0.0018857523671875294,-495.9616861352002,10.067976168498388,0.0,0.0,none
traffic,pg,19,567,5531.944714322413,35.35917753337286,545.052581797215,1.0,1,prioritize_ew,0.005364810258768494,0.992749437374044,0.0018857523671875294,-496.91418955229915,11.948155595768137,0.0,0.0,none
traffic,pg,19,568,5543.8466502422425,35.85304983102311,545.9790987450252,1.0,1,prioritize_ew,0.005364810258768494,0.992749437374044,0.0018857523671875294,-497.99145579204185,12.021069114482913,0.0,0.0,none
traffic,pg,19,569,5555.803008496908,35.89186739681204,547.2241261093267,1.0,1,prioritize_ew,0.005364810258768494,0.992749437374044,0.0018857523671875294,-498.74784355859686,8.407642265459664,0.0,0.0,none
traffic,pg,19,570,5564.156097857732,35.74710130497465,548.1693188794463,1.0,1,prioritize_ew,0.005364810258768494,0.992749437374044,0.0018857523671875294,-499.96519559714415,14.258145608773892,0.0,0.0,none
traffic,pg,19,571,5578.285625575628,37.114659084386304,549.503840662774,1.0,1,prioritize_ew,0.005364810258768494,0.992749437374044,0.0018857523671875294,-500.96813901257235,11.768494875873367,0.0,0.0,none
traffic,pg,19,572,5590.023646824902,37.61578650049771,550.1858964580439,1.0,1,prioritize_ew,0.005364810258768494,0.992749437374044,0.0018857523671875294,-502.35010314642676,16.20380781485434,0.0,0.0,none
traffic,pg,19,573,5606.079605428359,38.44659103722323,552.2056352645652,1.0,1,prioritize_ew,0.005364810258768494,0.992749437374044,0.0018857523671875294,-504.12518766773013,21.612267102629737,0.0,0.0,none
traffic,pg,19,574,5627.375711275563,40.31454055573094,555.3800217653575,1.0,1,prioritize_ew,0.005364810258768494,0.992749437374044,0.0018857523671875294,-505.98351990577476,23.26650590655315,0.0,0.0,none
traffic,pg,19,575,5650.4262256950105,43.254025567455685,556.5477160594071,1.0,1,prioritize_ew,0.005364810258768494,0.992749437374044,0.0018857523671875294,-507.1020161136174,13.222266453341035,0.0,0.0,none
traffic,pg,19,576,5663.59816617443,43.062508119760295,557.6842173735325,1.0,1,prioritize_ew,0.005364810258768494,0.992749437374044,0.0018857523671875294,-508.83437053776856,21.345521741271877,0.0,0.0,none
traffic,pg,19,577,5684.852440309764,44.9657586969722,558.1987721592856,1.0,1,prioritize_ew,0.005364810258768494,0.992749437374044,0.0018857523671875294,-510.1248303675126,14.601588312321867,0.0,0.0,none
traffic,pg,19,578,5699.356099216322,44.655298757592455,559.8582522558163,1.0,1,prioritize_ew,0.005364810258768494,0.992749437374044,0.0018857523671875294,-511.0960381988718,11.052649960157492,0.0,0.0,none
traffic,pg,19,579,5710.036394619998,42.53213666888693,561.7515414511261,1.0,1,prioritize_ew,0.005364810258768494,0.992749437374044,0.0018857523671875294,-511.805435398452,8.761650871170632,0.0,0.0,none
traffic,pg,19,580,5718.27750466629,39.57025579425577,562.0306344063924,1.0,1,prioritize_ew,0.005364810258768494,0.992749437374044,0.0018857523671875294,-512.8169875420658,12.54601176483881,0.0,0.0,none
traffic,pg,19,581,5730.80370660812,39.4411080867378,562.7234525539752,1.0,1,prioritize_ew,0.005364810258768494,0.992749437374044,0.0018857523671875294,-513.1028779850883,4.338907954292949,0.0,0.0,none
traffic,pg,19,582,5732.268205991093,35.483153136266004,563.7313991811004,1.0,1,prioritize_ew,0.005364810258768494,0.992749437374044,0.0018857523671875294,-513.7556295031,8.05594234129352,0.0,0.0,none
traffic,pg,19,583,5740.211735090969,34.17112717492959,563.4536577141863,1.0,1,prioritize_ew,0.005364810258768494,0.992749437374044,0.0018857523671875294,-514.3615190495075,6.888389597077571,0.0,0.0,none
traffic,pg,19,584,5747.043221723901,33.401365420780756,563.8874416085948,1.0,1,prioritize_ew,0.005364810258768494,0.992749437374044,0.0018857523671875294,-515.0468151447474,6.364241494243448,0.0,0.0,none
traffic,pg,19,585,5753.272019508441,32.99890296843058,565.1298875554309,1.0,1,prioritize_ew,0.005364810258768494,0.992749437374044,0.0018857523671875294,-515.6764477465939,6.332955118985241,0.0,0.0,none
traffic,pg,19,586,5759.468057209527,31.732870120281596,564.7943310427298,1.0,1,prioritize_ew,0.005364810258768494,0.992749437374044,0.0018857523671875294,-516.064598637169,2.4283939914673263,0.0,0.0,none
traffic,pg,19,587,5761.742028043902,31.894764410561642,565.6309577581653,1.0,1,prioritize_ew,0.005364810258768494,0.992749437374044,0.0018857523671875294,-516.4667438074483,2.9371709451668466,0.0,0.0,none
traffic,pg,19,588,5764.154258401061,30.788504662018436,566.8896504267243,1.0,1,prioritize_ew,0.005364810258768494,0.992749437374044,0.0018857523671875294,-516.9164188145025,3.7310451994358056,0.0,0.0,none
traffic,pg,19,589,5767.755724360425,30.14250052730472,567.6195955491199,1.0,1,prioritize_ew,0.005364810258768494,0.992749437374044,0.0018857523671875294,-517.268973165435,2.041378505850817,0.0,0.0,none
traffic,pg,19,590,5769.003999445002,29.146395987311916,568.8911344839469,1.0,1,prioritize_ew,0.005364810258768494,0.992749437374044,0.0018857523671875294,-517.8590094614308,6.087931500571609,0.0,0.0,none
traffic,pg,19,591,5775.041629985355,29.114714555165712,569.6714701173136,1.0,1,prioritize_ew,0.005364810258768494,0.992749437374044,0.0018857523671875294,-517.9672183632517,1.1458438554079655,0.0,0.0,none
traffic,pg,19,592,5774.932853955997,28.63816518241925,570.7078226691743,1.0,1,prioritize_ew,0.005364810258768494,0.992749437374044,0.0018857523671875294,-518.3702708601539,2.706854934788334,0.0,0.0,none
traffic,pg,19,593,5777.379356216054,28.64501956299835,571.866115959751,1.0,1,prioritize_ew,0.005364810258768494,0.992749437374044,0.0018857523671875294,-518.6863781312118,1.9291404936836627,0.0,0.0,none
traffic,pg,19,594,5778.988353101375,28.24652574818981,572.8529871504118,1.0,1,prioritize_ew,0.005364810258768494,0.992749437374044,0.0018857523671875294,-519.0991635839152,2.874312935518553,0.0,0.0,none
traffic,pg,19,595,5781.638857828665,28.526971676732717,573.9290213613291,1.0,1,prioritize_ew,0.005364810258768494,0.992749437374044,0.0018857523671875294,-519.0777043354284,4.353601599591942,0.0,0.0,none
traffic,pg,19,596,5778.024270121791,26.596528027287057,575.399392033507,1.0,1,prioritize_ew,0.005364810258768494,0.992749437374044,0.0018857523671875294,-519.9162821015602,7.885405815404309,0.0,0.0,none
traffic,pg,19,597,5785.249676546162,28.063364518032877,578.1960896549332,1.0,1,prioritize_ew,0.005364810258768494,0.992749437374044,0.0018857523671875294,-520.8591016282618,9.193284602978352,0.0,0.0,none
traffic,pg,19,598,5793.981211287321,29.32037101425326,580.7838913327591,1.0,1,prioritize_ew,0.005364810258768494,0.992749437374044,0.0018857523671875294,-521.6744805877842,7.174049971608563,0.0,0.0,none
traffic,pg,19,599,5800.8545887849305,30.373247136711058,582.5488634688692,1.0,1,prioritize_ew,0.005364810258768494,0.992749437374044,0.0018857523671875294,-522.7247374101186,10.168781724095696,0.0,0.0,none
